MSTweight:145716 638.999938965
Change data:
145702 46.0000038147
145684 41.9998168945
145651 47.000169754
145648 52.9999732971
145606 46.9999313354
145583 52.9999732971
145554 31.0001373291
145554 46.9999313354
145554 53.9999008179
145541 15.0001049042
145532 53.9999008179
145532 62.0000362396
145482 54.0001392365
145473 30.9998989105
145471 52.9999732971
145471 46.9999313354
145471 51.0001182556
145420 33.9999198914
145420 47.000169754
145420 52.9999732971
145409 46.9999313354
145409 52.9999732971
145367 49.9999523163
145367 51.0001182556
145333 46.9999313354
145297 52.9999732971
145265 46.0000038147
145261 52.9999732971
145261 47.000169754
145261 37.9998683929
145261 46.9999313354
145261 53.0002117157
145241 46.9999313354
145237 52.9999732971
145235 46.9999313354
145214 38.0001068115
145205 46.9999313354
145205 52.9999732971
145195 46.9999313354
145181 50.0001907349
145166 34.9998474121
145153 47.000169754
145142 51.9998073578
145142 38.0001068115
145142 46.9999313354
145142 47.000169754
145137 52.9999732971
145131 46.9999313354
145131 36.9999408722
145078 46.9999313354
145059 53.0002117157
145059 46.9999313354
145049 52.9999732971
145019 30.9998989105
145019 47.000169754
145019 52.9999732971
145019 46.9999313354
145019 38.0001068115
145014 46.9999313354
145006 52.9999732971
144978 46.9999313354
144957 38.0001068115
144953 46.9999313354
144953 52.9999732971
144943 47.000169754
144943 52.9999732971
144920 46.9999313354
144920 52.9999732971
144920 46.9999313354
144920 52.0000457764
144920 32.0000648499
144919 46.9999313354
144919 54.0001392365
144878 46.9999313354
144878 36.9999408722
144796 46.9999313354
144796 54.0001392365
144796 46.9999313354
144796 36.9999408722
144773 47.000169754
144773 52.9999732971
144749 46.9999313354
144715 52.0000457764
144691 32.0000648499
144658 46.9999313354
144624 53.9999008179
144610 46.0000038147
144610 38.0001068115
144584 62.9999637604
144557 52.0000457764
144524 69.000005722
144524 62.9999637604
144524 52.9999732971
144524 62.9999637604
144517 69.000005722
144489 52.9999732971
144485 62.9999637604
144485 69.000005722
144454 67.0001506805
144454 49.0000247955
144445 69.000005722
144370 62.0000362396
144353 53.9999008179
144353 68.0000782013
144314 70.9998607635
144238 59.9999427795
144238 47.000169754
144236 69.000005722
144236 52.9999732971
144220 62.0000362396
144209 69.000005722
144209 69.000005722
144188 61.999797821
144168 69.000005722
144110 47.000169754
144110 69.000005722
144110 69.000005722
144066 46.0000038147
144066 69.000005722
144066 69.000005722
144066 77.999830246
144066 52.9999732971
144046 69.000005722
144046 47.000169754
144039 69.000005722
144029 62.0000362396
144029 53.9999008179
144029 69.000005722
144028 62.0000362396
144014 69.000005722
143966 46.9999313354
143966 69.000005722
143966 52.9999732971
143966 62.9999637604
143966 52.9999732971
143966 62.0000362396
143899 69.000005722
143899 85.000038147
143848 115.999937057
143848 69.000005722
143848 62.0000362396
143832 54.0001392365
143832 69.000005722
143832 61.999797821
143832 54.0001392365
143832 62.0000362396
143832 69.000005722
143818 69.000005722
143816 61.999797821
143805 54.0001392365
143795 69.000005722
143795 62.0000362396
143792 53.9999008179
143792 62.0000362396
143792 52.9999732971
143737 69.000005722
143737 62.9999637604
143708 52.9999732971
143634 62.9999637604
143623 69.000005722
143574 53.0002117157
143574 62.9999637604
143521 52.9999732971
143521 62.9999637604
143505 69.000005722
143483 52.9999732971
143483 62.0000362396
143458 83.9998722076
143458 53.0002117157
143415 62.9999637604
143410 52.9999732971
143410 56.9999217987
143384 59.0000152588
143384 69.000005722
143384 62.0000362396
143384 52.9999732971
143382 62.9999637604
143363 52.9999732971
143363 69.000005722
143342 47.000169754
143342 67.9998397827
143336 62.9999637604
143336 69.000005722
143336 52.9999732971
143336 62.0000362396
143336 85.000038147
143336 115.999937057
143326 84.0001106262
143304 68.0000782013
143304 82.0000171661
143282 49.0000247955
143257 69.000005722
143257 62.0000362396
143257 52.9999732971
143257 84.9997997284
143219 63.000202179
143219 67.9998397827
143213 54.0001392365
143191 62.0000362396
143191 53.9999008179
143191 62.0000362396
143158 69.000005722
143147 69.000005722
143147 72.0000267029
143136 59.0000152588
143136 69.000005722
143136 61.999797821
143132 69.000005722
143132 53.0002117157
143132 62.9999637604
143132 67.9998397827
143127 64.0001296997
143127 52.0000457764
143127 52.9999732971
143118 77.999830246
143101 53.0002117157
143085 69.000005722
143085 62.9999637604
143085 52.9999732971
143076 62.9999637604
143076 52.9999732971
143076 68.0000782013
143076 46.9999313354
143023 69.000005722
143005 62.0000362396
143005 69.000005722
143005 53.9999008179
142985 62.0000362396
142985 69.000005722
142985 65.0000572205
142985 50.999879837
142985 52.9999732971
142967 63.000202179
142967 69.000005722
142967 64.9998188019
142967 51.0001182556
142929 52.9999732971
142929 59.9999427795
142906 71.0000991821
142862 65.9999847412
142845 49.9999523163
142828 52.9999732971
142828 62.9999637604
142828 69.000005722
142828 31.0001373291
142819 52.9999732971
142772 62.9999637604
142699 69.000005722
142671 52.9999732971
142671 62.0000362396
142667 52.9999732971
142664 62.9999637604
142664 52.9999732971
142662 68.0000782013
142624 46.9999313354
142572 69.000005722
142564 62.9999637604
142560 52.9999732971
142543 67.0001506805
142543 49.0000247955
142519 67.9998397827
142519 47.000169754
142519 69.000005722
142511 67.9998397827
142493 62.9999637604
142493 68.0000782013
142489 65.9999847412
142459 49.9999523163
142459 53.0002117157
142448 62.9999637604
142448 69.000005722
142448 46.9999313354
142428 69.000005722
142428 68.0000782013
142428 46.9999313354
142402 69.000005722
142385 65.9999847412
142385 49.9999523163
142385 69.000005722
142363 46.0000038147
142363 69.000005722
142362 65.0000572205
142362 50.999879837
142360 52.9999732971
142360 63.000202179
142317 67.9998397827
142308 47.000169754
142308 69.000005722
142308 52.9999732971
142299 56.9999217987
142263 59.0000152588
142263 62.0000362396
142263 69.000005722
142256 53.9999008179
142256 62.0000362396
142256 69.000005722
142256 65.0000572205
142239 50.999879837
142239 52.9999732971
142239 62.9999637604
142187 68.0000782013
142187 65.9999847412
142119 49.9999523163
142119 68.0000782013
142119 46.9999313354
142119 69.000005722
142111 52.9999732971
142111 63.000202179
142111 53.9999008179
142111 62.0000362396
142105 69.000005722
142105 65.9999847412
142105 49.0000247955
142088 69.000005722
142088 62.9999637604
142061 52.9999732971
142032 68.0000782013
141994 46.9999313354
141994 69.000005722
141961 46.9999313354
141961 68.0000782013
141952 46.9999313354
141907 69.000005722
141894 52.9999732971
141894 62.0000362396
141888 69.000005722
141888 46.9999313354
141888 69.000005722
141888 53.0002117157
141853 62.9999637604
141853 52.9999732971
141816 62.9999637604
141788 69.000005722
141788 52.9999732971
141788 62.0000362396
141788 69.000005722
141788 63.9998912811
141788 52.0000457764
141788 54.0001392365
141764 61.999797821
141764 69.000005722
141764 47.000169754
141764 69.000005722
141759 53.9999008179
141743 62.0000362396
141733 52.9999732971
141719 62.9999637604
141719 68.0000782013
141719 52.9999732971
141695 62.9999637604
141677 52.9999732971
141657 62.9999637604
141657 68.0000782013
141649 52.9999732971
141639 62.9999637604
141603 52.9999732971
141597 63.000202179
141562 52.9999732971
141562 69.000005722
141562 62.9999637604
141562 52.9999732971
141562 62.9999637604
141562 52.9999732971
141534 69.000005722
141484 62.9999637604
141484 52.9999732971
141484 63.000202179
141466 52.9999732971
141422 69.000005722
141418 46.9999313354
141418 69.000005722
141403 46.9999313354
141403 69.000005722
141403 68.0000782013
141403 47.9998588562
141403 68.0000782013
141387 46.9999313354
141387 69.000005722
141359 68.0000782013
141359 46.9999313354
141359 69.000005722
141293 47.000169754
141293 69.000005722
141293 46.9999313354
141200 69.000005722
141164 52.9999732971
141141 62.0000362396
141138 69.000005722
141138 63.9998912811
141127 52.0000457764
141112 69.000005722
141045 48.0000972748
141045 67.9998397827
141045 65.9999847412
141045 49.0000247955
141045 69.000005722
141031 47.000169754
141031 68.9997673035
141031 69.000005722
141029 47.000169754
141029 69.000005722
141026 62.9999637604
141026 52.9999732971
141026 16.0000324249
141026 69.000005722
141026 62.0000362396
140990 69.000005722
140990 52.9999732971
140970 62.0000362396
140970 69.000005722
140960 66.999912262
140938 49.0000247955
140938 68.0000782013
140895 80.9998512268
140869 65.9999847412
140869 69.000005722
140863 46.9999313354
140851 69.000005722
140847 53.0002117157
140847 61.999797821
140847 69.000005722
140828 69.000005722
140827 63.000202179
140792 69.000005722
140777 63.9998912811
140777 50.999879837
140723 69.000005722
140718 63.000202179
140718 69.000005722
140718 52.9999732971
140718 77.999830246
140718 53.0002117157
140699 68.9997673035
140699 63.000202179
140682 52.9999732971
140674 80.9998512268
140672 51.0001182556
140672 69.000005722
140672 62.0000362396
140672 69.000005722
140656 53.9999008179
140614 62.0000362396
140614 69.000005722
140614 30.9998989105
140614 54.0001392365
140596 62.0000362396
140564 53.9999008179
140564 68.0000782013
140488 62.9999637604
140470 52.9999732971
140470 62.9999637604
140470 69.000005722
140452 52.9999732971
140408 62.9999637604
140403 69.000005722
140392 65.0000572205
140360 51.0001182556
140343 52.9999732971
140343 62.0000362396
140343 69.9999332428
140302 63.9998912811
140301 51.0001182556
140301 85.000038147
140286 46.0000038147
140286 69.9999332428
140284 52.9999732971
140265 62.0000362396
140265 69.000005722
140245 65.0000572205
140213 66.999912262
140213 52.9999732971
140194 62.9999637604
140194 84.0001106262
140194 0.0
140194 69.000005722
140194 67.9998397827
140194 47.000169754
140185 69.000005722
140185 79.9999237061
140185 50.999879837
140176 53.0002117157
140176 62.9999637604
140174 69.000005722
140154 62.9999637604
140114 52.0000457764
140111 69.000005722
140060 46.9999313354
140045 69.000005722
140045 63.9998912811
140026 52.0000457764
140026 69.000005722
140026 62.0000362396
140015 52.9999732971
140015 65.9999847412
140008 49.9999523163
140008 69.000005722
139997 62.0000362396
139997 52.9999732971
139986 69.000005722
139986 47.000169754
139977 69.000005722
139972 61.999797821
139972 53.0002117157
139960 69.000005722
139946 46.9999313354
139946 69.000005722
139905 62.0000362396
139905 52.9999732971
139886 67.9998397827
139886 49.0000247955
139886 68.0000782013
139876 82.9999446869
139876 78.0000686646
139876 53.9999008179
139876 68.0000782013
139800 48.0000972748
139786 67.9998397827
139786 62.9999637604
139772 53.0002117157
139772 67.9998397827
139761 62.9999637604
139749 52.9999732971
139749 63.000202179
139748 52.9999732971
139748 69.000005722
139748 66.999912262
139737 79.9999237061
139694 69.000005722
139694 63.000202179
139694 52.9999732971
139694 69.000005722
139677 46.9999313354
139677 69.000005722
139677 62.0000362396
139659 69.000005722
139659 83.9998722076
139659 69.000005722
139659 62.9999637604
139638 52.0000457764
139599 62.9999637604
139582 69.000005722
139582 68.0000782013
139582 84.0001106262
139582 62.9999637604
139582 69.000005722
139582 63.9998912811
139527 52.0000457764
139489 52.9999732971
139489 62.9999637604
139489 52.9999732971
139489 62.9999637604
139489 53.0002117157
139485 69.000005722
139485 62.9999637604
139477 69.000005722
139458 46.9999313354
139458 68.0000782013
139458 69.000005722
139458 61.999797821
139458 70.0001716614
139458 52.9999732971
139436 62.0000362396
139436 69.000005722
139436 69.9999332428
139436 62.0000362396
139434 52.9999732971
139411 62.9999637604
139404 68.0000782013
139382 52.9999732971
139378 62.9999637604
139376 68.0000782013
139367 65.9999847412
139332 49.9999523163
139332 68.0000782013
139315 62.9999637604
139296 52.9999732971
139296 69.000005722
139296 16.0000324249
139296 46.9999313354
139296 52.9999732971
139296 62.0000362396
139296 52.9999732971
139296 69.000005722
139296 62.0000362396
139296 69.000005722
139296 68.0000782013
139296 46.9999313354
139289 69.000005722
139230 62.0000362396
139215 69.000005722
139206 52.9999732971
139206 55.999994278
139197 75.9999752045
139180 46.0000038147
139162 69.000005722
139162 69.000005722
139151 46.9999313354
139151 68.0000782013
139145 85.000038147
139145 83.9998722076
139104 78.0000686646
139095 69.000005722
139060 52.9999732971
139060 62.9999637604
139007 69.000005722
139007 63.9998912811
139007 51.0001182556
138990 84.0001106262
138990 46.9999313354
138984 69.000005722
138984 69.000005722
138984 46.9999313354
138957 69.000005722
138933 46.9999313354
138932 52.9999732971
138932 69.000005722
138932 62.0000362396
138913 54.0001392365
138901 62.0000362396
138898 69.000005722
138898 53.9999008179
138880 62.0000362396
138876 69.000005722
138863 69.000005722
138850 72.0000267029
138850 59.0000152588
138843 65.9999847412
138804 64.9998188019
138804 54.0001392365
138804 83.9998722076
138792 78.0000686646
138791 69.000005722
138780 52.9999732971
138745 95.0000286102
138716 67.0001506805
138716 83.9998722076
138716 54.0001392365
138707 61.999797821
138707 69.000005722
138690 69.000005722
138683 62.0000362396
138683 69.000005722
138683 69.000005722
138663 62.9999637604
138663 52.9999732971
138655 79.0002346039
138655 52.9999732971
138652 51.9998073578
138652 63.000202179
138588 52.9999732971
138588 62.0000362396
138588 69.000005722
138588 53.9999008179
138582 62.0000362396
138582 85.000038147
138582 52.9999732971
138535 62.9999637604
138505 69.000005722
138467 46.0000038147
138467 69.000005722
138454 52.9999732971
138380 62.0000362396
138371 69.000005722
138349 69.000005722
138349 77.999830246
138349 69.000005722
138333 53.0002117157
138331 62.9999637604
138328 52.9999732971
138305 62.0000362396
138272 69.000005722
138249 67.9998397827
138249 85.000038147
138249 78.0000686646
138249 53.9999008179
138249 69.000005722
138194 62.0000362396
138182 52.9999732971
138137 62.9999637604
138135 69.000005722
138111 52.9999732971
138045 63.000202179
138015 69.000005722
137969 67.9998397827
137969 62.9999637604
137969 68.0000782013
137966 68.0000782013
137966 63.9998912811
137927 69.000005722
137927 64.0001296997
137891 51.9998073578
137891 69.000005722
137864 62.0000362396
137834 69.000005722
137818 52.0000457764
137817 62.9999637604
137794 69.000005722
137780 69.000005722
137756 62.0000362396
137756 52.9999732971
137740 62.9999637604
137733 69.000005722
137733 70.0001716614
137722 46.9999313354
137708 69.000005722
137708 63.9998912811
137684 52.0000457764
137684 52.9999732971
137684 62.0000362396
137672 69.000005722
137623 66.999912262
137586 49.0000247955
137586 69.000005722
137586 62.9999637604
137586 69.000005722
137586 52.9999732971
137586 62.0000362396
137586 69.000005722
137570 62.9999637604
137561 52.0000457764
137561 54.0001392365
137550 62.9999637604
137550 52.9999732971
137515 83.9998722076
137515 63.000202179
137479 67.9998397827
137479 47.000169754
137479 53.9999008179
137479 68.0000782013
137479 62.9999637604
137444 69.000005722
137419 69.000005722
137419 62.0000362396
137372 53.9999008179
137312 62.0000362396
137281 69.000005722
137266 53.9999008179
137266 71.0000991821
137266 59.9999427795
137266 69.000005722
137266 62.0000362396
137266 52.9999732971
137259 62.9999637604
137254 68.0000782013
137254 69.000005722
137225 62.9999637604
137225 52.9999732971
137225 65.0000572205
137225 50.999879837
137203 69.000005722
137203 47.000169754
137203 52.9999732971
137182 62.9999637604
137182 52.9999732971
137182 69.000005722
137182 62.0000362396
137182 53.9999008179
137136 62.0000362396
137136 53.9999008179
137136 69.000005722
137135 62.0000362396
137135 54.0001392365
137135 62.0000362396
137135 69.000005722
137131 53.9999008179
137130 62.0000362396
137130 52.9999732971
137120 62.9999637604
137106 52.9999732971
137106 69.000005722
137084 62.9999637604
137082 52.9999732971
137082 63.000202179
137082 51.9998073578
137082 69.000005722
137082 47.000169754
137082 69.000005722
137071 61.999797821
137064 54.0001392365
137064 68.0000782013
137064 46.9999313354
137064 69.000005722
137064 62.9999637604
137064 52.9999732971
137064 69.000005722
137064 46.9999313354
137064 69.000005722
137040 47.000169754
137040 69.000005722
137014 69.000005722
137011 61.999797821
137011 69.000005722
137011 63.000202179
137011 52.9999732971
137011 69.000005722
137011 61.999797821
137011 53.0002117157
136989 66.999912262
136989 49.0000247955
136989 69.000005722
136988 62.0000362396
136988 52.9999732971
136980 69.000005722
136980 46.9999313354
136980 69.000005722
136961 53.9999008179
136932 61.0001087189
136920 65.0000572205
136887 49.9999523163
136883 54.0001392365
136883 62.0000362396
136876 69.000005722
136876 46.9999313354
136876 69.000005722
136852 52.9999732971
136837 62.9999637604
136812 52.9999732971
136812 62.9999637604
136782 69.000005722
136751 69.000005722
136725 47.000169754
136709 67.9998397827
136703 69.000005722
136698 46.9999313354
136698 69.000005722
136694 62.0000362396
136694 52.9999732971
136694 64.0001296997
136677 52.0000457764
136677 53.9999008179
136677 78.0000686646
136677 52.9999732971
136666 65.9999847412
136657 49.9999523163
136657 52.9999732971
136657 62.0000362396
136657 54.0001392365
136657 61.999797821
136616 54.0001392365
136600 69.000005722
136600 62.0000362396
136600 52.9999732971
136599 62.9999637604
136599 68.0000782013
136576 53.9999008179
136576 62.0000362396
136569 53.9999008179
136569 62.0000362396
136564 69.000005722
136564 52.9999732971
136556 78.0000686646
136548 53.9999008179
136545 67.0001506805
136545 49.0000247955
136508 67.9998397827
136508 47.000169754
136508 69.000005722
136499 64.9998188019
136499 51.0001182556
136471 69.000005722
136459 62.0000362396
136424 52.9999732971
136398 64.9998188019
136382 51.0001182556
136380 52.0000457764
136364 62.9999637604
136285 69.000005722
136285 68.0000782013
136273 47.9998588562
136271 69.000005722
136271 46.0000038147
136271 69.9999332428
136271 68.0000782013
136228 49.9999523163
136228 65.9999847412
136228 62.0000362396
136228 54.0001392365
136228 67.9998397827
136173 47.000169754
136154 69.000005722
136154 62.9999637604
136154 52.9999732971
136154 69.000005722
136154 46.9999313354
136154 69.000005722
136145 62.9999637604
136130 52.9999732971
136130 69.000005722
136130 62.0000362396
136069 52.9999732971
136069 55.0000667572
136048 61.0001087189
136032 69.000005722
136032 46.9999313354
136032 52.9999732971
136006 62.9999637604
136006 68.0000782013
135982 46.9999313354
135954 69.000005722
135954 52.9999732971
135954 62.9999637604
135939 69.000005722
135918 64.0001296997
135918 51.9998073578
135918 68.0000782013
135888 46.9999313354
135888 68.0000782013
135863 64.0001296997
135863 51.9998073578
135863 69.000005722
135860 62.0000362396
135845 54.0001392365
135845 67.9998397827
135818 47.000169754
135808 69.000005722
135787 61.999797821
135763 53.0002117157
135733 69.000005722
135648 61.999797821
135636 52.9999732971
135617 63.000202179
135617 69.000005722
135601 52.9999732971
135601 62.9999637604
135601 52.9999732971
135601 62.0000362396
135601 53.9999008179
135601 68.0000782013
135601 62.9999637604
135583 52.9999732971
135550 62.9999637604
135542 52.9999732971
135542 69.000005722
135520 62.0000362396
135520 54.0001392365
135520 62.0000362396
135520 52.9999732971
135520 69.000005722
135520 62.9999637604
135520 52.9999732971
135520 62.9999637604
135510 52.9999732971
135505 68.0000782013
135437 62.9999637604
135424 52.9999732971
135417 62.9999637604
135417 69.000005722
135417 52.9999732971
135417 62.0000362396
135417 69.000005722
135417 68.0000782013
135397 47.9998588562
135397 54.0001392365
135397 62.0000362396
135397 53.9999008179
135363 62.0000362396
135339 69.000005722
135339 52.9999732971
135339 59.0000152588
135326 72.0000267029
135326 65.0000572205
135326 49.9999523163
135314 52.9999732971
135314 78.9999961853
135289 52.0000457764
135249 69.000005722
135240 46.9999313354
135208 52.9999732971
135176 62.9999637604
135154 68.0000782013
135113 62.9999637604
135113 52.9999732971
135113 69.000005722
135093 46.9999313354
135074 68.0000782013
135039 65.0000572205
135023 49.9999523163
135019 69.000005722
135010 62.0000362396
135001 52.9999732971
135001 68.0000782013
134982 47.000169754
134949 69.000005722
134931 46.9999313354
134931 69.000005722
134915 69.000005722
134885 46.9999313354
134885 69.000005722
134885 62.0000362396
134885 52.9999732971
134885 69.000005722
134885 62.0000362396
134885 52.9999732971
134885 62.9999637604
134885 69.000005722
134858 52.9999732971
134846 62.9999637604
134844 69.000005722
134844 64.0001296997
134844 52.0000457764
