MSTweight:1193154 122029.211044
Change data:
1193142 2216.04418755
1193121 2286.01908684
1193077 2217.32091904
1193075 2156.94308281
1193070 2087.48006821
1193062 2086.93599701
1193039 2089.06507492
1193039 2088.09614182
1193036 2088.2499218
1193036 2155.37405014
1193006 2101.8269062
1193006 1387.64595985
1193000 2739.70794678
1192998 1430.8590889
1192970 2793.72000694
1192969 1397.00698853
1192969 2069.31400299
1192969 2771.69108391
1192959 1393.87702942
1192959 2052.16288567
1192921 2777.83083916
1192921 1396.14796638
1192921 2754.26697731
1192921 1376.14607811
1192842 2081.31599426
1192808 2782.99999237
1192808 1361.03606224
1192802 2044.79718208
1192802 2771.49105072
1192797 1379.39405441
1192797 2789.87383842
1192786 1368.60179901
1192784 2058.14194679
1192765 2793.46895218
1192765 1376.97982788
1192747 2048.72202873
1192725 2771.37303352
1192725 1396.89588547
1192718 2773.82993698
1192687 1394.63615417
1192658 2047.99580574
1192637 2755.22112846
1192582 1387.46619225
1192582 2059.664011
1192543 2778.73706818
1192537 1409.2259407
1192497 2780.85112572
1192490 1424.50904846
1192490 2043.63489151
1192473 2747.17903137
1192473 1433.68887901
1192473 2090.67583084
1192453 2819.15807724
1192442 1372.14708328
1192442 2811.35797501
1192442 1381.47306442
1192442 2095.51000595
1192442 2785.94183922
1192442 1406.14414215
1192382 2019.1180706
1192382 2790.72093964
1192382 1360.56494713
1192364 2763.7360096
1192364 1392.50707626
1192358 2055.45210838
1192314 2860.9290123
1192314 1510.06388664
1192262 2118.52502823
1192262 2765.42401314
1192237 1394.29998398
1192237 2793.73216629
1192228 1372.88212776
1192228 2083.83989334
1192215 2768.58305931
1192215 1405.99417686
1192188 2103.03997993
1192188 2821.63500786
1192188 1410.81690788
1192188 2774.41191673
1192181 1361.92202568
1192181 2056.40912056
1192167 2821.18582726
1192162 1401.45897865
1192162 2076.69901848
1192147 2802.73008347
1192116 1369.98796463
1192116 2766.43919945
1192116 1387.19701767
1192107 2086.11011505
1192107 2790.69495201
1192102 1375.38504601
1192080 2063.32612038
1192080 2774.42193031
1192021 1397.2120285
1192021 2730.99899292
1192021 1384.85193253
1192003 2071.36583328
1191987 2784.09814835
1191986 1395.2600956
1191986 2075.94895363
1191980 2783.85400772
1191930 1392.10295677
1191907 2777.4438858
1191880 1398.97203445
1191871 2061.24806404
1191842 2803.0629158
1191839 1391.66998863
1191839 2054.21209335
1191839 2994.1110611
1191814 1454.08296585
1191810 2974.61700439
1191806 1597.39804268
1191798 2166.20588303
1191791 2969.6199894
1191791 1514.13178444
1191791 2182.19709396
1191791 2906.57901764
1191785 1450.19412041
1191785 2914.85714912
1191785 1444.5669651
1191773 2244.53282356
1191773 2942.61193275
1191755 1468.28603745
1191736 2229.92992401
1191736 3023.67186546
1191700 1436.98406219
1191700 2960.07299423
1191700 1451.649189
1191700 2155.02309799
1191642 2894.77109909
1191624 1474.4989872
1191624 2153.56397629
1191624 2907.21106529
1191624 1454.24389839
1191624 2917.81687737
1191624 1498.9528656
1191623 2187.89601326
1191623 2941.19381905
1191563 1473.44684601
1191563 2179.51703072
1191563 2946.99907303
1191563 1443.3400631
1191545 3067.75593758
1191545 1537.20808029
1191532 2141.69001579
1191503 2896.07787132
1191477 1428.67803574
1191463 2076.23100281
1191395 2763.16690445
1191395 1400.05207062
1191375 2775.63285828
1191375 1393.47600937
1191369 2320.06812096
1191369 3263.06319237
1191369 1533.41293335
1191369 2116.78314209
1191362 2773.82016182
1191342 1380.19990921
1191340 2809.64803696
1191306 1395.92909813
1191299 2061.96594238
1191299 2784.62195396
1191297 1376.16300583
1191297 2102.77104378
1191211 2775.192976
1191135 1406.17108345
1191115 2836.08818054
1191055 1402.46391296
1191046 2077.24905014
1190973 2974.53594208
1190973 1505.54704666
1190964 2191.93506241
1190964 2935.43791771
1190956 1436.60712242
1190956 2966.7198658
1190944 1462.40305901
1190934 2173.20203781
1190934 3013.51189613
1190892 1511.06500626
1190874 2210.96801758
1190874 2977.21886635
1190868 1453.96590233
1190868 2991.5060997
1190822 1456.17413521
1190801 2207.98182487
1190801 2934.94796753
1190801 1444.21505928
1190801 2160.80093384
1190787 2929.99410629
1190787 1484.21502113
1190787 2965.75808525
1190733 1500.56695938
1190703 2193.78399849
1190703 2949.02014732
1190703 1540.8539772
1190684 2190.89412689
1190684 2967.50998497
1190684 1490.32783508
1190627 2970.2270031
1190624 1495.54395676
1190624 2288.8610363
1190602 3591.16792679
1190590 2223.88696671
1190590 3613.16800117
1190573 3605.77106476
1190573 1600.83603859
1190563 4676.5639782
1190563 1621.51694298
1190551 2431.98394775
1190528 3107.0098877
1190528 1664.41297531
1190528 2443.77613068
1190528 3222.49484062
1190508 1701.49111748
1190485 3388.5178566
1190466 1935.546875
1190466 2443.2311058
1190436 3291.31793976
1190436 1543.72906685
1190434 2200.19507408
1190396 2933.80999565
1190396 1465.34705162
1190396 3334.94400978
1190366 1633.49103928
1190322 2223.47617149
1190322 2991.03999138
1190312 1458.22691917
1190304 2242.66290665
1190304 3342.15712547
1190304 1540.14396667
1190304 3342.78202057
1190304 1990.86904526
1190290 2311.75589561
1190290 3308.17103386
1190290 1559.48090553
1190228 2450.24204254
1190226 3087.16607094
1190226 1635.47801971
1190226 3043.01595688
1190226 1461.77697182
1190223 2178.2310009
1190222 2963.97995949
1190222 1484.10916328
1190217 2168.29800606
1190167 2975.82983971
1190163 1450.9499073
1190124 2959.97691154
1190083 1476.8140316
1190053 2172.20306396
1190048 2974.50017929
1189977 1487.0569706
1189961 2171.5760231
1189961 2959.17987823
1189961 1449.03802872
1189900 2936.67006493
1189826 1499.74322319
1189802 2155.86900711
1189787 2903.8901329
1189735 1443.82715225
1189735 2178.9329052
1189720 2940.73009491
1189720 1431.59890175
1189718 2904.89196777
1189713 1505.0599575
1189705 2154.43205833
1189657 2828.24802399
1189648 1409.59501266
1189616 2091.44496918
1189616 2814.35918808
1189616 1393.91589165
1189589 2822.43514061
1189589 1397.70412445
1189583 2099.90811348
1189583 2792.41085052
1189583 1688.57502937
1189532 2285.30216217
1189508 3008.0769062
1189508 1488.02685738
1189507 2967.98110008
1189507 1471.98796272
1189487 2179.67486382
1189474 2944.61798668
1189474 1485.32605171
1189473 2240.64993858
1189473 2926.38301849
1189448 1488.50393295
1189427 3367.21897125
1189401 1730.76200485
1189396 3232.31196404
1189380 3176.19299889
1189368 1681.34021759
1189368 2238.83700371
1189368 3063.36903572
1189331 1507.00592995
1189331 3421.99802399
1189323 1743.10088158
1189323 2389.53495026
1189300 3327.68392563
1189300 1521.12412453
1189300 2507.64393806
1189292 3646.95596695
1189292 1682.00111389
1189280 3511.38901711
1189280 1818.72200966
1189277 2753.43585014
1189277 3449.27811623
1189244 1749.88007545
1189244 2724.44319725
1189244 3313.7409687
1189202 1561.0768795
1189184 3147.65715599
1189184 1647.6559639
1189163 2271.07000351
1189105 3182.91497231
1189105 1615.44704437
1189016 2226.21202469
1188985 2996.44804001
1188925 1510.31684875
1188925 3125.39410591
1188925 1760.66303253
1188920 2221.96984291
1188899 2958.97197723
1188888 1483.65187645
1188876 2209.48696136
1188876 3093.71185303
1188868 1504.19807434
1188868 3081.28499985
1188868 1571.95305824
1188868 2334.45000648
1188849 3089.22100067
1188849 1551.85079575
1188827 2295.46117783
1188772 3037.79101372
1188756 1534.59596634
1188731 3044.51990128
1188731 1559.09585953
1188731 2280.96008301
1188726 3054.59904671
1188726 1527.03404427
1188699 2273.66685867
1188699 3071.71201706
1188699 1504.89902496
1188699 2959.36203003
1188699 1442.24905968
1188659 2181.48994446
1188603 2964.63704109
1188591 1484.60793495
1188591 2196.16293907
1188591 2922.08409309
1188591 1466.06492996
1188552 2950.28400421
1188546 1500.37384033
1188546 2171.44703865
1188546 2943.90797615
1188533 1472.14412689
1188502 2179.62479591
1188462 2922.37901688
1188444 1433.67004395
1188423 2922.2650528
1188423 1483.45708847
1188423 2148.64802361
1188400 2790.102005
1188400 1405.04789352
1188376 2072.06606865
1188335 2804.66294289
1188335 1390.78593254
1188335 2788.36798668
1188305 1400.22087097
1188305 2082.37195015
1188305 2787.24789619
1188305 1399.7490406
1188239 2079.05006409
1188239 2783.60009193
1188239 1390.82980156
1188239 2835.54792404
1188239 1416.05687141
1188230 2082.02600479
1188230 2810.49394608
1188230 1392.97914505
1188230 2080.70611954
1188230 2784.64102745
1188204 1474.43699837
1188204 2998.53086472
1188204 1507.00879097
1188179 2240.54217339
1188149 2967.01002121
1188129 1494.00997162
1188079 2230.09300232
1188079 2910.01701355
1188046 1473.40393066
1188021 2946.66194916
1187983 1474.33900833
1187963 2191.70403481
1187963 3008.58998299
1187963 1524.08099174
1187949 2227.76389122
1187911 2943.24111938
1187911 1506.96802139
1187911 2911.39507294
1187895 1475.73685646
1187894 2165.48299789
1187887 2949.93400574
1187887 1478.46198082
1187887 2191.05887413
1187871 2944.58603859
1187836 1632.92908669
1187827 2951.59387589
1187827 1498.31295013
1187824 2180.58109283
1187817 2986.61422729
1187788 1403.22399139
1187776 2094.15698051
1187776 2806.68401718
1187736 1418.39694977
1187730 2794.46911812
1187730 1409.6288681
1187730 2066.48802757
1187715 2779.7729969
1187712 1382.57813454
1187712 2104.95305061
1187712 2795.7470417
1187712 1408.52189064
1187712 2806.27703667
1187700 1423.42209816
1187700 2083.15110207
1187684 2825.60396194
1187664 1391.33286476
1187664 2090.95716476
1187664 2805.42397499
1187658 1394.33693886
1187652 2833.16206932
1187652 1401.42703056
1187618 2094.61593628
1187618 2812.09087372
1187618 1451.19905472
1187618 2173.97403717
1187594 3089.62202072
1187582 1515.42401314
1187542 2997.61509895
1187532 1530.25317192
1187523 2304.81290817
1187523 3183.0239296
1187523 1630.77402115
1187439 2374.11308289
1187439 3123.30508232
1187439 1491.52898788
1187419 3049.38411713
1187419 1535.20488739
1187349 2215.86298943
1187349 3063.83705139
1187335 1399.70111847
1187335 2094.96712685
1187335 2817.98195839
1187311 1396.69489861
1187311 2836.03000641
1187300 1399.79100227
1187293 2104.83002663
1187233 2886.86490059
1187233 1406.29696846
1187205 2083.49585533
1187186 2822.65996933
1187186 1402.48918533
1187186 2823.99606705
1187163 1388.33403587
1187163 2083.63890648
1187148 2928.06601524
1187104 1453.36914062
1187104 2127.67910957
1187010 2776.37791634
1187001 1414.67094421
1187001 2800.7941246
1187001 1453.42612267
1187001 2083.30106735
1186973 2866.03307724
1186973 1393.48006248
1186973 2102.30398178
1186964 2818.68004799
1186956 1399.76191521
1186956 2766.94202423
1186956 1404.27684784
1186925 2065.79089165
1186925 2808.52198601
1186906 1402.21619606
1186829 2101.27496719
1186829 2811.88607216
1186829 1400.07400513
1186829 2775.25901794
1186818 1423.99692535
1186805 2090.03305435
1186770 2790.17591476
1186770 1401.40104294
1186761 2072.73983955
1186746 2797.69301414
1186746 1389.29390907
1186746 2817.14701653
1186746 1410.00795364
1186712 2099.60603714
1186712 2835.74080467
1186657 1396.80600166
1186657 2089.42222595
1186657 2785.94589233
1186657 1539.51501846
1186656 2929.73589897
1186622 1487.88809776
1186622 2193.79806519
1186622 2970.8878994
1186622 1491.09005928
1186589 2217.25106239
1186575 2932.56521225
1186575 1476.00293159
1186575 2932.18708038
1186569 1476.31788254
1186568 2194.51808929
1186559 2959.30981636
1186527 1481.80413246
1186503 2198.02117348
1186503 2965.5559063
1186503 1473.5519886
1186495 2940.37699699
1186495 1504.70590591
1186491 2219.00582314
1186476 2953.32717896
1186476 1469.84696388
1186476 2192.79313087
1186430 2946.97189331
1186430 1450.11806488
1186380 2958.6918354
1186343 1469.68698502
1186343 2188.11583519
1186343 2987.80488968
1186343 1487.53404617
1186331 2236.0727787
1186331 3007.32684135
1186331 1509.34815407
1186308 2930.87387085
1186308 1421.241045
1186281 2073.00591469
1186281 2787.27984428
1186273 1395.13421059
1186229 2101.17697716
1186162 2768.04709435
1186162 1407.17601776
1186140 2814.82219696
1186140 1414.09897804
1186140 2133.19778442
1186140 2986.54317856
1186138 1389.20497894
1186049 2079.23388481
1186049 2795.25399208
1186049 1395.39408684
1186049 2804.49390411
1185996 1416.61787033
1185996 2071.42782211
1185996 2815.32001495
1185989 1399.2099762
1185989 2060.97102165
1185989 2785.23206711
1185989 1389.17899132
1185989 2807.71708488
1185989 1433.16793442
1185989 2079.15496826
1185957 2821.26712799
1185957 1396.22497559
1185957 2129.44602966
1185917 2814.24403191
1185917 1389.81986046
1185873 2820.33085823
1185865 1401.9370079
1185856 2100.50797462
1185807 2796.0100174
1185754 1387.39800453
1185747 2101.22489929
1185686 2789.72387314
1185655 1410.04419327
1185592 2788.85006905
1185592 1403.81193161
1185582 2073.81510735
1185563 2814.30912018
1185563 1411.51189804
1185563 2091.00079536
1185560 2783.32304955
1185539 1387.00413704
1185539 2824.74899292
1185506 1416.94402695
1185506 2076.52592659
1185506 2811.02514267
1185473 1442.93308258
1185473 2115.05794525
1185464 2814.84293938
1185455 1400.40898323
1185449 2814.16416168
1185449 1398.20814133
1185431 2131.10113144
1185409 2782.81593323
1185390 1407.22680092
1185390 2146.44789696
1185386 2849.63607788
1185386 1381.65593147
1185380 2824.22804832
1185380 1436.25688553
1185380 2099.27511215
1185380 2809.30304527
1185357 1424.40986633
1185302 2085.51192284
1185273 2826.51805878
1185273 1379.9059391
1185271 2844.68412399
1185245 1498.8951683
1185237 2121.92296982
1185237 2809.89384651
1185237 1399.43194389
1185237 2087.60809898
1185237 2795.73392868
1185237 1380.95712662
1185237 2846.08888626
1185179 1408.6420536
1185142 2085.46090126
1185131 2813.93289566
1185127 1398.20694923
1185124 2087.34703064
1185124 2773.49996567
1185117 1400.77805519
1185096 2785.24112701
1185096 1409.61098671
1185096 2119.05384064
1185096 2850.76999664
1185023 1390.05708694
1185011 2096.33898735
1185011 2818.90201569
1185011 1400.72798729
1184956 2826.55310631
1184956 1436.23614311
1184956 2069.43202019
1184942 2807.07216263
1184942 1400.31003952
1184942 2073.82202148
1184937 2791.11289978
1184935 1385.00499725
1184935 2813.94600868
1184935 1410.36081314
1184903 2104.58993912
1184889 2815.93704224
1184889 1397.12786674
1184881 2098.10018539
1184881 2792.85907745
1184874 1396.08001709
1184860 2771.98791504
1184860 1428.66396904
1184860 2079.46014404
1184818 2786.0250473
1184818 1383.77094269
1184818 2106.57215118
1184813 2797.32203484
1184813 1409.20805931
1184813 2811.4669323
1184813 1477.06794739
1184757 2462.7969265
1184698 3204.8368454
1184673 1820.87802887
1184673 2297.89590836
1184636 3075.21796227
1184604 1708.10604095
1184604 3027.28796005
1184596 1513.34404945
1184566 2205.47986031
1184554 3258.32104683
1184522 1609.54713821
1184514 2347.71084785
1184514 3020.52903175
1184503 1522.51887321
1184448 2936.44404411
1184448 1698.86803627
1184448 2404.70099449
1184448 3114.34602737
1184448 1638.92602921
1184448 2309.05103683
1184431 3260.02120972
1184419 1669.92282867
1184406 3500.2810955
1184381 1740.94796181
1184381 2482.87081718
1184366 3444.25988197
1184359 1578.65905762
1184349 2472.54180908
1184349 3072.48616219
1184337 1582.28802681
1184331 3134.54818726
1184331 1562.43896484
1184290 2470.21007538
1184290 3153.74398232
1184274 1590.24691582
1184274 2787.21189499
1184260 3278.23400497
1184260 1598.5929966
1184225 3216.06016159
1184221 1770.23506165
1184194 2565.00291824
1184145 3279.61611748
1184107 1853.05500031
1184107 2554.14295197
1184102 3121.34003639
1184082 1635.78295708
1184082 3081.93612099
1184077 1532.0148468
1184077 2501.93595886
1184077 3351.09996796
1184077 1626.45196915
1184077 2215.29507637
1184077 3248.01206589
1184029 1649.64199066
1184000 3242.44189262
1183991 1575.94585419
1183953 2443.92418861
1183953 3067.70896912
1183953 1524.69992638
1183953 2134.3870163
1183939 3194.0779686
1183933 1677.99592018
1183912 3142.99297333
1183886 1453.88793945
1183886 2190.08588791
1183886 2821.44713402
1183886 1385.39218903
1183886 2095.09086609
1183886 2819.81110573
1183886 1434.12208557
1183886 2822.38411903
1183848 1414.47305679
1183848 2107.99407959
1183848 2798.609972
1183848 1396.74401283
1183832 2125.0679493
1183812 2793.9388752
1183812 1429.28099632
1183804 2784.44004059
1183804 1405.56287766
1183800 2071.8100071
1183800 3418.61701012
1183800 1809.3957901
1183800 2122.42388725
1183800 2888.43297958
1183800 1441.13302231
1183792 2834.53297615
1183792 1418.20406914
1183791 2104.84409332
1183791 2816.97511673
1183748 1392.86494255
1183748 2086.73906326
1183748 2770.29204369
1183744 1398.28896523
1183744 2775.83312988
1183744 1390.56992531
1183744 2109.43317413
1183744 2938.07601929
1183744 1457.12685585
1183744 2193.44115257
1183739 3018.11814308
1183731 1497.24006653
1183731 3020.12896538
1183720 1476.96208954
1183702 2241.55497551
1183702 2926.78618431
1183702 1459.65218544
1183662 2216.75419807
1183647 2945.85204124
1183647 1526.8330574
1183621 2986.88697815
1183603 1472.60403633
1183599 2195.8398819
1183599 3000.18215179
1183587 1489.78590965
1183524 2194.6310997
1183524 2957.05008507
1183524 1463.48786354
1183524 3055.66310883
1183524 1472.20516205
1183524 2195.86086273
1183524 2936.1770153
1183524 1475.45409203
1183524 2181.71405792
1183524 2987.69307137
1183524 1473.76918793
1183524 2960.87098122
1183472 1472.91493416
1183472 2206.77995682
1183472 2962.8200531
1183472 1480.864048
1183440 2197.41201401
1183440 2935.36996841
1183440 1541.85914993
1183426 3007.43508339
1183426 1495.00608444
1183426 2186.99502945
1183426 2937.43300438
1183426 1493.21079254
1183426 2159.20209885
1183426 2910.4039669
1183400 1482.90491104
1183397 3016.299963
1183397 1462.47506142
1183321 2205.20114899
1183321 2997.32804298
1183310 1471.49991989
1183277 2262.08901405
1183277 2927.78801918
1183270 1524.14608002
1183259 3222.57590294
1183259 1884.26589966
1183227 2364.87984657
1183153 3088.45877647
1183108 1606.34708405
1183108 2448.07887077
1183108 3722.91994095
1183108 1582.29708672
1183044 3351.45306587
1183039 1778.96285057
1183024 2431.43796921
1183024 3356.08410835
1183018 1534.10482407
1183018 2437.30807304
1183010 3760.97989082
1182979 1739.78710175
1182954 3064.71800804
1182954 1721.21095657
1182916 2675.56190491
1182916 3348.75297546
1182904 1589.75791931
1182904 2528.47003937
1182904 3164.03794289
1182904 1691.37406349
1182904 3346.75216675
1182904 1802.89793015
1182902 3302.15191841
1182891 3324.33605194
1182880 1560.14490128
1182880 2732.50317574
1182880 4078.56202126
1182879 1619.50206757
1182840 3273.83589745
1182840 1671.98395729
1182818 2250.50401688
1182818 2953.0210495
1182805 1467.60702133
1182775 2194.14401054
1182775 2949.61595535
1182775 1476.07684135
1182735 2964.72096443
1182710 1499.98211861
1182710 2184.5228672
1182710 2941.18785858
1182710 1488.52181435
1182710 2220.41893005
1182708 2967.13089943
1182708 1475.19993782
1182686 2919.65794563
1182686 1492.5968647
1182686 2107.78808594
1182675 2812.84189224
1182675 1406.57687187
1182590 2054.09502983
1182556 2914.63184357
1182540 1485.06402969
1182518 2915.20881653
1182518 1514.82701302
1182463 2202.22997665
1182453 2985.04686356
1182417 1477.86903381
1182417 2195.291996
1182395 2890.08808136
1182395 1460.53195
1182395 2964.83302116
1182341 1480.41820526
1182341 2185.45889854
1182325 2983.41703415
1182325 1494.54498291
1182289 2189.89801407
1182270 2971.61698341
1182270 1481.19091988
1182212 2961.00878716
1182138 1463.59395981
1182122 2201.05314255
1182093 2934.10682678
1182093 1496.64998055
1182093 2144.95301247
1182093 2798.5970974
1182093 1403.79714966
1182031 2788.88988495
1182031 1402.20189095
1182031 2091.53294563
1182022 2859.67993736
1182008 1396.55900002
1181942 2097.95618057
1181918 2809.6780777
1181918 1403.2831192
1181918 2798.9180088
1181892 1422.58810997
1181872 2085.24799347
1181830 2849.93600845
1181805 1412.26601601
1181805 2122.76506424
1181758 2812.88695335
1181747 1386.56592369
1181732 2829.24199104
1181732 1397.43614197
1181718 2063.52591515
1181706 2803.41792107
1181706 1397.75800705
1181685 2080.31392097
1181685 2841.90106392
1181685 1414.91103172
1181666 2791.98098183
1181666 1405.37714958
1181666 2090.24715424
1181656 2789.71099854
1181620 1406.80408478
1181620 2082.48615265
1181609 2944.15903091
1181609 1384.0098381
1181578 2806.95295334
1181550 1411.82398796
1181495 2094.71511841
1181492 3049.54385757
1181492 1382.04789162
1181492 2101.35197639
1181488 2800.53400993
1181488 1404.33907509
1181488 2833.93192291
1181488 1388.79203796
1181467 2083.64295959
1181443 2814.35704231
1181425 1406.56304359
1181422 2104.40921783
1181422 2807.0230484
1181422 1387.6748085
1181412 2792.23895073
1181408 1411.38315201
1181408 2083.64486694
1181408 2825.40297508
1181408 1392.68708229
1181408 2071.37680054
1181405 2805.00197411
1181334 1382.3390007
1181334 2971.21500969
1181334 1467.46706963
1181334 2275.44999123
1181331 2951.02906227
1181331 1519.3939209
1181331 2256.98113441
1181288 2968.82796288
1181288 1465.77000618
1181270 3148.15306664
1181259 1501.36899948
1181259 2194.82588768
1181247 2947.84188271
1181247 1455.71994781
1181239 2191.15900993
1181205 2951.84588432
1181205 1503.1080246
1181205 2965.59000015
1181171 1504.03094292
1181168 2167.81115532
1181151 2974.45106506
1181151 1486.36817932
1181151 2234.64798927
1181109 2976.12810135
1181109 1489.60590363
1181088 2966.8340683
1181087 1405.64489365
1181087 2064.41903114
1181087 2804.48508263
1181049 1443.78209114
1181049 2094.51889992
1181049 2824.17297363
1181032 1412.4341011
1181016 2806.0939312
1180953 1398.50616455
1180947 2138.40913773
1180937 2859.73095894
1180908 1388.9541626
1180883 2117.22493172
1180850 2770.7529068
1180832 1422.71304131
1180829 2818.20201874
1180783 1418.04504395
1180783 2069.75388527
1180758 2828.95183563
1180711 1408.86497498
1180705 2139.92881775
1180705 2803.83682251
1180676 1427.10399628
1180660 2804.74615097
1180660 1396.09313011
1180660 2085.57009697
1180660 2807.97886848
1180660 1492.05088615
1180660 2246.89507484
1180639 2971.61483765
1180639 1518.30482483
1180639 2977.4107933
1180594 1510.91504097
