MSTweight:2017 1.9998550415
Change data:
2017 0.0
1967 0.0
1933 0.999927520752
1924 0.0
1913 0.999927520752
1909 0.0
1894 1.00016593933
1894 0.999927520752
1891 0.0
1882 0.999927520752
1868 0.0
1868 1.00016593933
1847 0.999927520752
1842 0.0
1804 0.999927520752
1804 1.00016593933
1804 0.0
1797 0.999927520752
1785 0.999927520752
1785 0.0
1785 1.00016593933
1779 0.0
1769 0.999927520752
1739 0.999927520752
1709 0.0
1709 0.999927520752
1696 0.0
1668 1.00016593933
1668 0.999927520752
1660 0.0
1660 0.999927520752
1658 0.0
1658 1.00016593933
1636 0.0
1636 0.999927520752
1636 0.999927520752
1591 0.0
1568 1.00016593933
1546 0.0
1531 0.0
1522 0.999927520752
1522 0.999927520752
1522 0.0
1512 0.999927520752
1512 0.0
1495 1.00016593933
1490 0.0
1490 1.9998550415
1422 1.00016593933
1422 0.999927520752
1409 0.999927520752
1409 0.0
1399 1.00016593933
1399 0.999927520752
1399 0.0
1384 0.999927520752
1378 1.00016593933
1364 0.0
1358 0.999927520752
1357 0.0
1357 0.999927520752
1357 0.0
1332 0.0
1332 1.00016593933
1332 0.0
1332 0.999927520752
1332 0.0
1311 0.999927520752
1311 1.00016593933
1311 0.0
1311 0.999927520752
1311 0.0
1311 0.999927520752
1311 2.00009346008
1311 0.999927520752
1297 0.0
1292 0.999927520752
1284 1.00016593933
1284 0.999927520752
1284 0.999927520752
1284 1.00016593933
1284 0.999927520752
1284 0.999927520752
1284 1.00016593933
1284 0.0
1284 0.999927520752
1281 0.999927520752
1281 1.00016593933
1273 0.999927520752
1273 0.999927520752
1241 0.999927520752
1241 1.00016593933
1241 0.999927520752
1241 2.00009346008
1241 0.0
1241 0.0
1241 0.999927520752
1241 1.00016593933
1236 0.999927520752
1236 0.999927520752
1236 0.999927520752
1236 1.00016593933
1236 0.999927520752
1236 0.999927520752
1236 1.00016593933
1228 0.999927520752
1228 0.999927520752
1217 1.00016593933
1217 0.999927520752
1217 0.999927520752
1217 1.00016593933
1217 0.999927520752
1217 0.999927520752
1216 0.999927520752
1216 1.00016593933
1216 0.0
1216 0.999927520752
1216 0.999927520752
1216 0.0
1216 1.00016593933
1216 0.999927520752
1216 0.0
1195 0.999927520752
1195 0.0
1195 1.00016593933
1194 0.0
1194 0.999927520752
1187 0.0
1185 0.999927520752
1172 0.999927520752
1167 0.0
1167 1.00016593933
1167 0.999927520752
1167 0.999927520752
1167 1.00016593933
1167 0.999927520752
1167 0.999927520752
1167 0.0
1160 1.00016593933
1160 0.999927520752
1160 0.0
1160 0.999927520752
1160 0.0
1160 0.0
1160 0.999927520752
1160 0.0
1160 1.00016593933
1159 0.999927520752
1158 0.0
1136 0.999927520752
1136 0.0
1136 1.00016593933
1136 0.999927520752
1136 0.0
1121 0.999927520752
1121 0.0
1115 1.00016593933
1115 0.999927520752
1106 0.0
1106 0.999927520752
1106 2.00009346008
1100 0.0
1100 0.999927520752
1100 0.0
1100 0.999927520752
1098 1.00016593933
1098 0.0
1098 0.999927520752
1084 0.0
1070 0.999927520752
1070 1.00016593933
1067 0.0
1064 0.0
1064 0.999927520752
1064 0.0
1064 0.999927520752
1064 0.0
1064 1.00016593933
1064 0.999927520752
1064 0.0
1055 0.999927520752
1055 0.0
1055 0.999927520752
1052 1.00016593933
1052 0.0
1052 0.999927520752
1052 0.999927520752
1052 1.00016593933
1044 1.9998550415
1044 0.0
1041 0.999927520752
1041 0.999927520752
1041 0.0
1041 1.00016593933
1023 0.999927520752
1023 0.0
1023 0.999927520752
1023 0.999927520752
1023 0.0
1012 0.0
1012 1.00016593933
1000 0.999927520752
1000 0.0
985 0.999927520752
985 0.0
985 1.00016593933
985 0.0
985 0.999927520752
985 0.999927520752
985 0.0
985 0.0
985 1.00016593933
985 0.999927520752
985 0.0
984 0.999927520752
984 0.0
984 0.999927520752
984 0.0
981 0.0
981 1.00016593933
981 0.0
981 0.999927520752
976 0.999927520752
976 0.0
976 1.00016593933
976 0.0
963 0.999927520752
963 0.999927520752
963 0.0
963 1.00016593933
963 0.0
953 0.999927520752
953 0.0
953 0.999927520752
953 0.999927520752
948 0.0
948 1.00016593933
948 0.0
948 0.999927520752
931 0.999927520752
931 1.00016593933
931 1.9998550415
931 1.00016593933
923 0.0
923 0.999927520752
922 0.999927520752
919 0.0
907 0.999927520752
907 0.0
907 1.00016593933
907 0.0
907 0.999927520752
907 0.0
905 0.999927520752
905 0.0
898 1.00016593933
898 0.0
898 0.999927520752
892 0.0
892 0.999927520752
892 1.00016593933
892 0.0
892 0.999927520752
873 0.0
873 0.999927520752
872 1.00016593933
866 0.0
866 0.0
866 1.9998550415
866 0.0
866 1.00016593933
861 0.0
861 0.999927520752
861 0.0
861 0.999927520752
836 1.00016593933
836 0.0
836 0.999927520752
836 0.0
836 0.999927520752
836 0.0
836 1.00016593933
836 0.999927520752
836 0.0
828 0.999927520752
812 0.0
812 0.0
812 0.999927520752
812 0.0
806 1.00016593933
806 0.999927520752
806 0.0
799 0.999927520752
799 1.00016593933
799 0.0
799 0.999927520752
793 0.999927520752
793 0.0
793 1.00016593933
793 0.0
793 0.999927520752
787 0.0
787 0.999927520752
787 1.00016593933
787 0.0
785 0.999927520752
785 0.999927520752
785 0.0
785 0.999927520752
785 0.0
785 1.00016593933
785 0.999927520752
774 0.0
774 0.999927520752
771 0.0
771 1.00016593933
753 0.999927520752
753 0.0
753 0.999927520752
753 0.0
753 1.00016593933
744 0.0
744 0.999927520752
744 0.999927520752
744 0.0
744 2.00009346008
744 0.999927520752
744 0.999927520752
744 0.0
744 1.00016593933
743 0.0
743 0.999927520752
743 0.999927520752
743 0.0
743 1.00016593933
743 0.0
743 0.999927520752
743 0.999927520752
743 0.0
743 0.999927520752
743 0.0
743 1.00016593933
743 0.0
743 0.999927520752
742 0.999927520752
739 0.0
739 1.00016593933
739 0.999927520752
739 0.0
739 0.0
739 0.999927520752
739 1.00016593933
739 0.999927520752
732 0.999927520752
732 0.0
732 0.999927520752
732 0.999927520752
732 0.0
732 0.999927520752
732 1.00016593933
732 0.0
732 0.999927520752
725 0.0
725 0.999927520752
725 1.00016593933
725 0.0
719 0.999927520752
719 0.0
719 0.999927520752
719 1.00016593933
719 0.0
719 0.999927520752
719 0.0
719 0.999927520752
719 0.0
719 0.999927520752
719 1.00016593933
719 0.0
719 3.00002098083
719 0.0
719 0.999927520752
719 0.0
719 0.999927520752
713 1.00016593933
706 0.0
700 0.999927520752
700 0.0
700 0.999927520752
700 1.00016593933
700 0.0
694 0.999927520752
694 0.0
694 0.999927520752
694 0.999927520752
694 0.0
691 1.00016593933
691 0.0
691 0.999927520752
691 0.999927520752
691 0.0
691 1.00016593933
691 0.0
690 0.999927520752
690 0.999927520752
690 1.00016593933
686 0.999927520752
686 0.999927520752
686 0.999927520752
686 0.0
682 1.00016593933
679 0.999927520752
679 0.0
679 0.999927520752
674 0.0
674 1.00016593933
674 0.0
674 0.999927520752
674 0.999927520752
674 0.0
674 1.00016593933
674 0.0
674 0.999927520752
663 0.0
663 0.999927520752
663 1.00016593933
663 0.0
663 0.999927520752
663 0.999927520752
663 0.0
663 0.999927520752
663 2.00009346008
663 0.999927520752
663 1.00016593933
663 0.999927520752
663 0.999927520752
663 0.0
663 1.00016593933
663 0.999927520752
663 0.0
663 0.999927520752
663 0.0
663 0.999927520752
663 1.00016593933
663 0.0
663 0.999927520752
663 0.0
663 0.0
659 0.0
659 1.00016593933
659 0.0
659 0.999927520752
659 0.0
657 0.999927520752
657 1.00016593933
657 0.0
657 1.9998550415
651 1.00016593933
651 0.999927520752
651 1.9998550415
650 0.0
650 1.00016593933
650 0.999927520752
646 0.0
646 0.0
646 0.999927520752
639 1.00016593933
639 0.0
634 0.999927520752
634 0.999927520752
634 0.0
634 1.00016593933
634 0.0
634 0.999927520752
634 0.999927520752
634 0.0
634 0.999927520752
634 0.0
634 1.00016593933
634 0.0
631 1.9998550415
631 0.999927520752
631 0.0
631 0.999927520752
631 0.0
631 1.00016593933
631 0.999927520752
631 0.0
631 0.999927520752
631 0.0
631 1.00016593933
631 0.0
631 0.0
631 0.999927520752
631 0.999927520752
631 0.0
631 0.999927520752
631 0.0
631 1.00016593933
631 0.0
631 0.999927520752
631 0.0
631 0.999927520752
631 1.00016593933
631 1.9998550415
631 0.0
628 1.00016593933
628 0.999927520752
628 0.0
628 0.999927520752
628 0.0
625 0.999927520752
625 1.00016593933
625 0.0
625 0.999927520752
625 0.0
625 0.999927520752
625 0.0
625 1.00016593933
625 0.999927520752
625 0.0
625 0.999927520752
625 0.0
625 0.0
625 1.00016593933
625 0.999927520752
625 0.0
625 0.999927520752
625 0.0
622 0.999927520752
622 0.0
622 1.00016593933
622 0.999927520752
622 0.0
622 0.999927520752
622 0.0
622 2.00009346008
620 0.999927520752
620 1.00016593933
620 0.0
614 0.999927520752
614 0.999927520752
614 0.0
608 1.00016593933
608 0.0
608 0.999927520752
608 0.999927520752
608 0.999927520752
608 0.0
600 1.00016593933
600 0.0
600 0.999927520752
600 0.0
600 0.999927520752
600 0.0
599 0.0
599 0.999927520752
599 0.0
575 0.999927520752
575 0.0
575 1.00016593933
575 0.999927520752
575 0.0
575 0.0
575 0.0
575 0.999927520752
575 0.0
575 1.00016593933
575 0.999927520752
575 0.0
575 0.999927520752
575 1.00016593933
575 0.0
575 0.0
575 0.999927520752
573 0.999927520752
573 0.0
573 1.00016593933
570 0.0
563 0.999927520752
562 0.0
562 0.0
562 0.999927520752
562 0.0
562 1.00016593933
559 0.999927520752
559 0.0
559 0.999927520752
559 0.999927520752
559 0.0
559 0.0
559 1.00016593933
559 0.0
559 0.999927520752
557 0.999927520752
551 1.00016593933
551 0.999927520752
551 0.999927520752
551 0.0
548 1.00016593933
548 0.0
548 0.999927520752
548 0.0
548 0.999927520752
548 0.0
548 0.999927520752
548 1.00016593933
548 0.0
548 0.999927520752
545 0.0
543 0.999927520752
543 1.00016593933
543 0.0
543 0.0
543 0.0
543 0.999927520752
543 1.00016593933
538 0.0
538 0.999927520752
536 0.0
536 0.999927520752
536 0.0
536 1.00016593933
536 0.0
536 0.999927520752
536 0.999927520752
524 0.0
524 1.00016593933
524 0.999927520752
524 0.0
524 0.999927520752
524 0.0
524 1.00016593933
524 0.999927520752
524 0.0
524 0.0
524 0.999927520752
516 0.0
516 1.00016593933
516 0.999927520752
516 0.0
516 0.999927520752
516 0.0
516 0.999927520752
516 1.00016593933
516 0.0
510 0.999927520752
509 0.999927520752
509 0.0
509 1.00016593933
509 0.0
504 0.999927520752
504 0.999927520752
504 1.00016593933
504 0.999927520752
504 0.0
504 0.999927520752
504 0.0
503 1.00016593933
503 0.999927520752
503 0.0
501 0.999927520752
501 0.0
501 0.999927520752
501 1.00016593933
501 0.0
501 0.999927520752
501 0.0
501 0.999927520752
501 1.00016593933
501 0.0
501 0.999927520752
495 0.0
495 0.999927520752
495 0.0
495 1.00016593933
495 0.999927520752
495 0.0
495 0.999927520752
490 0.999927520752
490 1.00016593933
490 0.999927520752
490 0.999927520752
490 0.0
485 1.00016593933
485 0.999927520752
485 0.0
485 0.999927520752
485 0.0
482 1.00016593933
482 0.0
482 0.0
482 0.999927520752
482 0.999927520752
482 0.0
480 1.00016593933
480 0.0
480 0.999927520752
480 0.0
480 0.999927520752
480 0.999927520752
480 0.0
480 1.00016593933
480 0.0
480 0.999927520752
480 0.999927520752
480 0.0
480 1.00016593933
480 1.9998550415
480 1.00016593933
480 0.999927520752
480 0.0
480 0.999927520752
480 0.999927520752
480 0.0
480 1.00016593933
480 0.0
480 0.999927520752
480 0.0
480 0.999927520752
480 0.0
478 1.00016593933
478 0.999927520752
478 0.0
478 0.999927520752
478 0.0
478 1.00016593933
478 0.0
478 0.999927520752
478 0.999927520752
478 0.0
473 0.999927520752
473 0.0
473 1.00016593933
473 0.999927520752
473 2.00009346008
473 0.0
473 0.999927520752
460 0.0
460 0.999927520752
460 1.00016593933
460 0.0
460 0.999927520752
460 0.0
460 0.999927520752
460 1.00016593933
460 0.0
460 0.999927520752
460 0.0
460 0.999927520752
460 0.0
460 0.999927520752
460 1.00016593933
460 0.0
460 0.0
460 0.0
460 0.999927520752
460 0.0
460 1.00016593933
460 0.0
460 0.999927520752
460 2.00009346008
460 0.0
460 0.999927520752
460 0.999927520752
460 0.0
460 0.999927520752
460 1.00016593933
460 0.0
460 0.999927520752
460 0.0
460 0.0
460 0.999927520752
460 0.0
460 1.00016593933
460 0.0
460 0.999927520752
460 0.0
460 0.999927520752
460 1.00016593933
460 0.0
460 0.999927520752
460 0.0
460 0.0
460 0.999927520752
460 1.00016593933
460 0.0
460 0.999927520752
460 0.0
460 0.999927520752
460 0.999927520752
460 1.00016593933
460 0.999927520752
460 0.999927520752
460 1.00016593933
460 0.0
460 0.999927520752
459 0.999927520752
459 0.0
459 1.00016593933
459 0.0
459 0.999927520752
458 0.999927520752
458 0.0
458 0.0
458 0.999927520752
458 0.0
458 1.00016593933
458 0.0
458 0.999927520752
458 0.999927520752
458 0.0
458 1.00016593933
458 0.0
458 1.9998550415
457 0.0
457 1.00016593933
457 0.999927520752
457 0.999927520752
457 0.0
457 1.00016593933
454 0.999927520752
454 0.0
454 0.999927520752
454 0.0
454 0.999927520752
454 0.0
454 1.00016593933
454 0.999927520752
454 0.0
454 0.999927520752
454 0.0
454 1.00016593933
454 0.999927520752
454 0.0
454 0.999927520752
454 0.0
454 1.00016593933
454 0.999927520752
454 0.0
447 0.999927520752
443 0.0
443 3.00002098083
436 0.999927520752
436 1.00016593933
436 0.999927520752
436 0.999927520752
436 0.0
436 1.00016593933
436 0.999927520752
436 0.999927520752
436 1.00016593933
436 0.999927520752
435 0.0
435 0.0
435 0.999927520752
435 0.0
435 1.00016593933
435 0.0
435 0.999927520752
435 0.0
435 0.999927520752
435 0.0
435 1.00016593933
435 0.999927520752
435 0.0
435 0.999927520752
435 0.0
435 1.00016593933
435 0.999927520752
435 0.0
435 0.0
435 0.999927520752
435 1.00016593933
435 0.0
431 0.999927520752
431 0.0
431 0.999927520752
429 1.00016593933
427 0.0
427 0.999927520752
427 0.0
427 0.999927520752
427 0.0
427 1.00016593933
427 0.999927520752
427 0.0
427 0.999927520752
427 0.0
427 1.00016593933
427 0.999927520752
427 0.0
427 0.999927520752
427 0.999927520752
427 0.0
427 1.00016593933
427 0.999927520752
427 0.0
427 0.999927520752
427 0.0
427 1.00016593933
427 0.999927520752
427 0.0
427 0.999927520752
427 1.00016593933
427 0.0
427 0.0
427 0.999927520752
427 0.999927520752
427 0.0
427 0.0
427 0.999927520752
427 0.0
427 1.00016593933
427 0.0
427 0.0
427 0.999927520752
427 0.999927520752
427 0.0
427 1.00016593933
427 0.0
427 0.999927520752
427 0.999927520752
427 0.0
427 1.00016593933
427 0.0
427 0.999927520752
427 0.999927520752
427 0.999927520752
427 0.0
427 1.00016593933
427 0.999927520752
427 0.0
427 0.999927520752
427 0.0
427 1.00016593933
427 0.999927520752
427 0.0
427 0.0
427 0.999927520752
427 1.00016593933
427 0.0
427 0.999927520752
427 0.0
423 0.999927520752
423 1.00016593933
423 0.0
423 0.999927520752
423 0.999927520752
423 0.0
421 0.999927520752
421 0.0
421 0.0
421 1.00016593933
421 0.999927520752
421 0.0
421 0.999927520752
421 1.00016593933
417 0.999927520752
417 0.999927520752
417 0.0
417 1.00016593933
417 0.0
417 0.999927520752
417 0.999927520752
417 0.0
417 0.999927520752
417 0.0
417 1.00016593933
417 0.0
417 0.999927520752
417 0.999927520752
417 0.0
417 1.00016593933
417 0.0
417 0.999927520752
417 0.0
417 0.999927520752
417 1.00016593933
417 0.0
417 0.999927520752
417 0.0
410 0.999927520752
410 0.0
405 0.0
405 0.999927520752
405 0.999927520752
405 0.999927520752
405 1.00016593933
405 0.0
405 0.999927520752
405 0.0
405 0.999927520752
405 1.00016593933
405 0.0
405 0.999927520752
405 0.0
405 0.999927520752
405 0.0
405 1.00016593933
405 0.0
