MSTweight:37004 62.0000362396
Change data:
37000 0.0
36988 14.9998664856
36988 0.0
36981 16.0000324249
36957 16.0000324249
36925 0.0
36852 15.0001049042
36852 16.0000324249
36852 0.0
36823 21.999835968
36789 0.0
36789 16.0000324249
36766 15.0001049042
36762 0.0
36753 16.0000324249
36737 14.9998664856
36704 0.0
36657 16.0000324249
36655 17.9998874664
36655 4.00018692017
36655 16.0000324249
36655 0.0
36629 15.9997940063
36595 15.0001049042
36565 0.0
36559 16.0000324249
36558 14.9998664856
36554 0.0
36554 23.0000019073
36554 2.00009346008
36527 16.0000324249
36470 0.0
36456 14.9998664856
36438 16.0000324249
36432 0.0
36432 15.0001049042
36390 16.0000324249
36383 0.0
36365 19.9999809265
36316 0.0
36283 14.9998664856
36267 16.0000324249
36241 0.0
36241 16.0000324249
36241 15.0001049042
36241 0.0
36186 15.9997940063
36185 19.0000534058
36185 2.00009346008
36185 16.0000324249
36183 0.0
36183 16.0000324249
36145 14.9998664856
36088 0.0
36088 16.0000324249
36088 0.0
36069 16.0000324249
36069 19.9999809265
36069 2.00009346008
36069 14.9998664856
36069 0.0
36069 16.0000324249
36069 16.0000324249
36069 0.0
36051 14.9998664856
36051 16.0000324249
36051 0.0
36040 22.0000743866
36040 0.0
36016 15.0001049042
36016 15.9997940063
36002 0.0
35997 16.0000324249
35970 15.0001049042
35970 0.0
35948 16.0000324249
35948 17.9998874664
35948 3.00002098083
35948 16.0000324249
35861 0.0
35861 30.9998989105
35844 0.0
35842 16.0000324249
35842 16.0000324249
35800 0.0
35780 20.9999084473
35780 0.0
35780 16.0000324249
35752 16.0000324249
35731 0.0
35731 15.0001049042
35731 16.0000324249
35721 0.0
35721 14.9998664856
35721 22.0000743866
35721 0.0
35717 16.0000324249
35717 14.9998664856
35648 0.0
35614 16.0000324249
35597 16.0000324249
35594 0.0
35594 15.0001049042
35594 20.9999084473
35526 0.999927520752
35522 16.0000324249
35468 0.0
35468 16.0000324249
35468 15.0001049042
35433 0.0
35427 15.9997940063
35358 15.0001049042
35327 16.0000324249
35315 6.00004196167
35310 0.0
35308 16.0000324249
35280 15.9997940063
35273 0.0
35273 15.0001049042
35273 16.0000324249
35273 0.0
35273 16.0000324249
35268 18.9998149872
35268 1.9998550415
35268 15.0001049042
35268 3.99994850159
35254 16.0000324249
35239 0.0
35181 15.0001049042
35154 15.9997940063
35149 0.0
35149 15.0001049042
35136 19.0000534058
35136 0.0
35129 14.9998664856
35129 16.0000324249
35126 0.0
35126 16.0000324249
35118 15.0001049042
35118 0.0
35118 15.9997940063
35118 17.0001983643
35118 3.99994850159
35118 16.0000324249
35118 0.0
35118 16.0000324249
35118 14.9998664856
35108 0.0
35108 16.0000324249
35103 16.0000324249
35093 0.0
35093 20.9999084473
35092 1.00016593933
35092 14.9998664856
35092 0.0
35086 16.0000324249
35074 16.0000324249
35034 0.0
35031 14.9998664856
35005 16.0000324249
34987 0.0
34986 22.0000743866
34982 0.0
34951 16.0000324249
34908 14.9998664856
34888 0.0
34847 16.0000324249
34809 16.0000324249
34787 0.0
34782 15.0001049042
34779 16.0000324249
34779 4.99987602234
34779 0.0
34779 16.0000324249
34779 16.0000324249
34779 0.0
34771 15.0001049042
34771 16.0000324249
34733 0.0
34698 15.9997940063
34698 17.0001983643
34690 3.99994850159
34690 16.0000324249
34673 0.0
34668 16.0000324249
34668 14.9998664856
34668 0.0
34655 16.0000324249
34641 0.0
34641 14.9998664856
34641 21.0001468658
34640 1.9998550415
34638 15.0001049042
34638 0.0
34638 16.0000324249
34628 14.9998664856
34628 0.0
34608 16.0000324249
34604 16.0000324249
34604 0.0
34588 22.0000743866
34559 0.0
34543 14.9998664856
34543 0.0
34506 16.0000324249
34506 16.0000324249
34469 0.0
34469 0.0
34453 15.0001049042
34453 16.0000324249
34453 0.0
34453 21.999835968
34453 0.0
34448 16.0000324249
34426 15.0001049042
34414 0.0
34387 16.0000324249
34350 15.9997940063
34335 0.0
34328 15.0001049042
34328 19.9999809265
34328 2.00009346008
34328 16.0000324249
34323 4.99987602234
34303 15.0001049042
34303 0.0
34303 15.9997940063
34269 16.0000324249
34269 0.0
34269 15.0001049042
34269 16.9999599457
34253 0.0
34227 15.0001049042
34227 16.0000324249
34197 0.0
34197 15.9997940063
34115 15.0001049042
34115 0.0
34115 16.0000324249
34115 19.0000534058
34064 2.99978256226
34058 16.0000324249
34050 0.0
34010 15.0001049042
33983 16.0000324249
33983 0.0
33950 16.0000324249
33914 14.9998664856
33884 0.0
33884 22.0000743866
33884 0.0
33878 16.0000324249
33878 16.0000324249
33878 0.0
33861 14.9998664856
33852 16.0000324249
33829 0.0
33818 16.0000324249
33810 17.9998874664
33786 3.00002098083
33726 16.0000324249
33726 0.0
33726 16.0000324249
33714 15.0001049042
33701 0.0
33701 15.9997940063
33685 0.0
33679 15.0001049042
33679 22.0000743866
33679 0.0
33679 16.0000324249
33679 0.0
33670 14.9998664856
33670 16.0000324249
33670 16.0000324249
33617 0.0
33588 14.9998664856
33588 0.0
33585 22.0000743866
33585 0.0
33578 16.0000324249
33578 16.0000324249
33568 0.0
33568 14.9998664856
33568 16.0000324249
33552 0.0
33545 16.0000324249
33545 18.000125885
33545 3.99994850159
33539 14.9998664856
33510 0.0
33508 16.0000324249
33508 16.0000324249
33486 0.0
33486 15.0001049042
33479 15.9997940063
33479 0.0
33444 22.0000743866
33444 0.0
33444 16.0000324249
33444 15.0001049042
33444 0.0
33425 15.9997940063
33425 16.0000324249
33425 0.0
33420 15.0001049042
33410 16.0000324249
33410 6.00004196167
33410 0.0
33390 15.9997940063
33390 15.0001049042
33344 0.0
33344 16.0000324249
33324 14.9998664856
33324 0.0
33283 16.0000324249
33273 19.9999809265
33207 2.00009346008
33207 15.0001049042
33207 0.0
33207 15.9997940063
33202 9.99999046326
33202 15.0001049042
33147 0.0
33147 16.0000324249
33093 19.0000534058
33083 8.99982452393
33083 0.0
33057 16.0000324249
33050 15.0001049042
33026 0.0
33010 16.0000324249
33010 16.0000324249
33010 0.0
33010 14.9998664856
33010 16.0000324249
33010 3.99994850159
32938 16.0000324249
32938 0.0
32928 16.0000324249
32887 15.0001049042
32887 0.0
32887 16.0000324249
32868 0.0
32808 15.9997940063
32796 19.0000534058
32791 3.00002098083
32791 16.0000324249
32791 0.0
32791 15.0001049042
32791 15.9997940063
32740 0.0
32732 15.0001049042
32727 16.0000324249
32705 0.0
32705 22.0000743866
32705 0.0
32705 14.9998664856
32666 16.0000324249
32666 0.0
32666 16.0000324249
32643 14.9998664856
32637 16.0000324249
32619 0.0
32579 22.0000743866
32579 0.0
32579 16.0000324249
32554 14.9998664856
32535 0.0
32532 16.0000324249
32522 16.0000324249
32487 0.0
32487 15.0001049042
32487 20.9999084473
32487 0.0
32487 16.0000324249
32487 0.0
32487 16.0000324249
32463 16.0000324249
32463 14.9998664856
32447 0.0
32429 16.0000324249
32429 0.0
32429 22.0000743866
32426 0.0
32412 16.0000324249
32399 14.9998664856
32363 0.0
32360 16.0000324249
32357 15.0001049042
32357 0.0
32330 15.9997940063
32319 21.0001468658
32319 0.999927520752
32319 16.0000324249
32319 0.0
32308 15.0001049042
32308 15.9997940063
32308 0.0
32308 16.0000324249
32308 15.0001049042
32308 0.0
32308 23.0000019073
32308 0.0
32308 14.9998664856
32308 0.0
32250 16.0000324249
32239 15.0001049042
32220 16.0000324249
32220 0.0
32200 16.0000324249
32188 17.9998874664
32188 3.99994850159
32179 15.0001049042
32129 0.0
32129 16.0000324249
32116 6.99996948242
32099 16.0000324249
32099 0.0
32099 14.9998664856
32099 19.9999809265
32081 9.99999046326
32068 1.00016593933
32058 16.0000324249
32058 0.0
32058 14.9998664856
32058 16.0000324249
32058 0.0
32011 15.0001049042
32011 15.9997940063
32011 0.0
32011 22.0000743866
31929 0.0
31929 16.0000324249
31929 15.0001049042
31929 0.0
31921 15.9997940063
31905 16.0000324249
31905 0.0
31905 15.0001049042
31899 19.0000534058
31870 1.9998550415
31870 16.0000324249
31831 0.0
31784 16.0000324249
31784 15.0001049042
31738 0.0
31690 16.0000324249
31671 16.0000324249
31614 0.0
31614 20.9999084473
31614 0.0
31614 16.0000324249
31596 16.0000324249
31595 0.0
31595 14.9998664856
31595 16.0000324249
31579 0.0
31564 15.0001049042
31563 16.9999599457
31490 6.00004196167
31490 0.0
31490 14.9998664856
31473 16.0000324249
31473 0.0
31473 16.0000324249
31461 14.9998664856
31430 0.0
31411 16.0000324249
31411 19.0000534058
31411 2.00009346008
31409 16.0000324249
31395 0.0
31385 15.9997940063
31385 15.0001049042
31385 0.0
31385 16.0000324249
31378 16.0000324249
31378 0.0
31378 20.9999084473
31372 0.999927520752
31372 15.0001049042
31372 0.0
31372 16.0000324249
31343 16.0000324249
31343 0.0
31343 14.9998664856
31343 16.0000324249
31331 0.0
31323 22.0000743866
31323 0.0
31323 14.9998664856
31314 16.0000324249
31314 0.0
31275 15.0001049042
31275 0.0
31238 16.0000324249
31238 16.0000324249
31238 0.0
31238 20.9999084473
31236 0.0
31236 16.0000324249
31236 16.0000324249
31183 0.0
31183 14.9998664856
31183 16.0000324249
31178 0.0
31178 16.0000324249
31147 19.0000534058
31147 1.9998550415
31147 16.0000324249
31142 0.0
31121 15.0001049042
31121 16.0000324249
31121 3.99994850159
31088 16.0000324249
31087 0.0
31087 16.0000324249
31081 16.9999599457
31080 0.0
31071 16.0000324249
31029 15.9997940063
30982 0.0
30982 15.0001049042
30982 16.0000324249
30978 0.0
30978 16.0000324249
30971 0.0
30971 20.9999084473
30971 0.0
30971 16.0000324249
30971 15.0001049042
30971 0.0
30971 15.9997940063
30937 16.0000324249
30932 0.0
30922 15.0001049042
30922 0.0
30915 21.999835968
30908 0.0
30877 16.0000324249
30877 16.0000324249
30877 0.0
30877 15.0001049042
30877 16.0000324249
30877 0.0
30863 16.0000324249
30855 17.9998874664
30844 3.99994850159
30841 15.0001049042
30841 0.0
30841 16.0000324249
30833 0.0
30816 15.9997940063
30815 15.0001049042
30773 0.0
30773 16.0000324249
30773 19.9999809265
30773 2.00009346008
30773 14.9998664856
30747 0.0
30732 16.0000324249
30732 16.0000324249
30729 0.0
30725 14.9998664856
30722 16.0000324249
30680 0.0
30680 21.0001468658
30662 0.0
30652 16.0000324249
30652 15.9997940063
30645 0.0
30603 15.0001049042
30593 16.0000324249
30593 0.0
30593 16.0000324249
30577 0.0
30577 20.9999084473
30577 0.0
30577 16.0000324249
30577 16.0000324249
30577 0.0
30577 14.9998664856
30577 16.0000324249
30577 0.0
30577 15.0001049042
30577 19.9999809265
30577 1.9998550415
30577 16.0000324249
30573 0.0
30558 15.0001049042
30558 16.0000324249
30540 0.0
30532 16.0000324249
30529 0.0
30522 14.9998664856
30510 19.9999809265
30510 2.00009346008
30510 16.0000324249
30510 0.0
30510 16.0000324249
30510 14.9998664856
30497 0.0
30431 16.0000324249
30429 16.0000324249
30429 0.0
30407 20.9999084473
30407 0.0
30396 16.0000324249
30396 16.0000324249
30396 0.0
30396 15.0001049042
30396 15.9997940063
30396 12.0000839233
30396 26.0000228882
30396 0.0
30385 15.0001049042
30341 15.9997940063
30341 15.0001049042
30341 16.0000324249
30341 16.0000324249
30315 17.9998874664
30315 3.00002098083
30315 16.0000324249
30293 16.0000324249
30293 14.9998664856
30277 16.0000324249
30268 15.0001049042
30268 0.0
30268 23.0000019073
30249 14.9998664856
30249 16.0000324249
30249 0.0
30249 16.0000324249
30249 15.0001049042
30249 16.0000324249
30242 21.999835968
30234 0.0
30234 16.0000324249
30234 15.0001049042
30228 15.9997940063
30224 15.0001049042
30224 16.0000324249
30213 20.9999084473
30208 1.00016593933
30199 15.9997940063
30199 15.0001049042
30199 32.0000648499
30199 14.9998664856
30133 0.0
30127 23.0000019073
30127 15.0001049042
30127 16.0000324249
30127 14.9998664856
30127 0.0
30127 16.0000324249
30127 16.0000324249
30114 20.9999084473
30092 0.0
30084 16.0000324249
30076 16.0000324249
30060 15.0001049042
30060 16.0000324249
30044 15.9997940063
30044 17.0001983643
30044 4.99987602234
30018 15.0001049042
29970 16.0000324249
29970 15.9997940063
29959 15.0001049042
29942 0.0
29913 16.0000324249
29913 21.999835968
29913 15.0001049042
29913 0.0
29896 16.0000324249
29870 14.9998664856
29850 16.0000324249
29841 16.0000324249
29815 19.9999809265
29810 1.00016593933
29752 15.9997940063
29734 16.0000324249
29709 15.0001049042
29709 16.0000324249
29709 4.99987602234
29697 15.0001049042
29697 17.9998874664
29666 15.0001049042
29666 16.0000324249
29666 16.0000324249
29662 0.0
29662 14.9998664856
29660 16.0000324249
29636 20.9999084473
29634 16.0000324249
29620 0.0
29612 16.0000324249
29579 15.0001049042
29579 16.0000324249
29569 15.9997940063
29556 18.000125885
29530 3.00002098083
29523 16.0000324249
29473 16.0000324249
29473 14.9998664856
29473 16.0000324249
29473 15.0001049042
29473 0.0
29464 21.999835968
29463 16.0000324249
29463 15.0001049042
29463 0.0
29463 15.9997940063
29463 16.0000324249
29463 15.0001049042
29448 20.9999084473
29448 1.00016593933
29448 15.9997940063
29400 15.0001049042
29400 16.0000324249
29391 14.9998664856
29391 16.0000324249
29391 16.0000324249
29359 6.00004196167
29359 15.0001049042
29359 15.9997940063
29349 16.0000324249
29349 0.0
29349 15.0001049042
29349 16.0000324249
29349 20.9999084473
29345 0.0
29345 16.0000324249
29345 16.0000324249
29334 14.9998664856
29333 16.0000324249
29333 15.0001049042
29333 17.9998874664
29333 5.00011444092
29327 14.9998664856
29327 16.0000324249
29306 15.0001049042
29306 0.0
29306 16.0000324249
29281 16.0000324249
29281 20.9999084473
29281 0.0
29281 16.0000324249
29281 16.0000324249
29281 14.9998664856
29281 16.0000324249
29278 16.0000324249
29278 16.9999599457
29278 5.00011444092
29278 14.9998664856
29278 16.0000324249
29276 16.0000324249
29276 0.0
29276 14.9998664856
29272 16.0000324249
29272 22.0000743866
29272 16.0000324249
29272 14.9998664856
29272 16.0000324249
29272 15.0001049042
29268 16.0000324249
29268 21.999835968
29262 16.0000324249
29262 15.0001049042
29262 0.0
29262 16.0000324249
29262 16.0000324249
29262 14.9998664856
29262 22.0000743866
29262 16.0000324249
29262 0.0
29262 14.9998664856
29213 16.0000324249
29213 16.0000324249
29213 15.0001049042
29212 19.9999809265
29212 0.999927520752
29204 16.0000324249
29204 16.0000324249
29204 14.9998664856
29183 16.0000324249
29176 15.0001049042
29176 0.0
29176 22.0000743866
29170 15.9997940063
29170 15.0001049042
29170 16.0000324249
29144 0.0
29144 16.0000324249
29144 14.9998664856
29144 22.0000743866
29115 16.0000324249
29115 0.0
29115 16.0000324249
29113 14.9998664856
29113 16.0000324249
29100 0.0
29100 16.0000324249
29100 20.9999084473
29063 16.0000324249
29063 0.0
29063 16.0000324249
29060 15.0001049042
28975 16.0000324249
28929 14.9998664856
28929 19.9999809265
28929 2.00009346008
28929 14.9998664856
28922 16.0000324249
28920 16.0000324249
28898 0.0
28898 15.0001049042
28894 16.0000324249
28894 21.999835968
28885 0.0
28867 16.0000324249
28857 15.0001049042
28853 15.9997940063
28853 16.0000324249
28840 15.0001049042
28840 19.0000534058
28840 3.00002098083
28790 14.9998664856
28790 16.0000324249
28790 0.0
28790 16.0000324249
28720 14.9998664856
28720 16.0000324249
28719 22.0000743866
28719 3.00002098083
28719 14.9998664856
28718 16.0000324249
28623 15.0001049042
28595 16.0000324249
28595 16.0000324249
28595 0.0
28570 18.9998149872
28570 16.0000324249
28551 16.0000324249
28551 15.0001049042
28551 0.0
28551 16.0000324249
28551 15.9997940063
28551 21.0001468658
28551 16.0000324249
28551 0.0
28546 14.9998664856
28546 16.0000324249
28539 16.0000324249
28539 15.0001049042
28539 18.9998149872
28490 3.00002098083
28450 16.0000324249
28444 16.0000324249
28436 14.9998664856
28429 16.0000324249
28416 0.0
28393 16.0000324249
28388 21.0001468658
28381 0.0
28368 31.9998264313
28368 15.0001049042
28340 16.0000324249
28340 14.9998664856
28340 22.0000743866
28340 0.0
28340 16.0000324249
28302 14.9998664856
28302 16.0000324249
28302 16.0000324249
28302 15.0001049042
28302 18.9998149872
28279 3.00002098083
28276 16.0000324249
28249 15.0001049042
28249 16.0000324249
28249 14.9998664856
28249 16.0000324249
28249 0.0
28223 22.0000743866
28198 16.0000324249
28198 16.0000324249
28186 0.0
28178 14.9998664856
28178 16.0000324249
28169 15.0001049042
28169 21.999835968
28169 0.0
28169 16.0000324249
28138 15.0001049042
28107 15.9997940063
28107 16.0000324249
28087 15.0001049042
28087 0.0
28087 22.0000743866
28087 15.9997940063
28080 16.0000324249
28068 15.0001049042
28068 0.0
28068 16.0000324249
28068 16.0000324249
28068 20.9999084473
28068 0.0
28068 16.0000324249
28060 14.9998664856
28060 15.0001049042
28045 16.0000324249
28045 16.0000324249
28036 21.999835968
28036 0.0
27992 16.0000324249
27992 16.0000324249
27991 15.0001049042
27991 16.0000324249
27991 15.9997940063
27990 16.0000324249
27982 5.00011444092
27961 16.0000324249
27959 16.0000324249
27959 14.9998664856
27959 16.0000324249
27959 0.0
27959 15.0001049042
27935 22.9997634888
27914 0.0
27908 15.0001049042
27908 16.0000324249
27908 14.9998664856
27908 16.0000324249
27908 16.0000324249
27908 16.0000324249
27908 5.00011444092
27908 15.9997940063
27906 16.0000324249
27906 15.0001049042
27838 16.0000324249
27762 0.0
27762 16.0000324249
27726 20.9999084473
27706 16.0000324249
27706 14.9998664856
27706 0.0
27706 16.0000324249
27706 16.0000324249
27698 15.0001049042
27687 21.999835968
27687 0.0
27687 16.0000324249
27680 15.0001049042
27671 16.0000324249
27651 16.0000324249
27651 14.9998664856
27651 0.0
27638 22.0000743866
27638 16.0000324249
27638 16.0000324249
27638 0.0
27638 14.9998664856
27577 16.0000324249
27565 15.0001049042
27481 22.9997634888
27458 0.0
27458 15.0001049042
27458 16.0000324249
27443 16.0000324249
27443 14.9998664856
27443 16.0000324249
27443 18.000125885
27411 3.00002098083
27402 15.9997940063
27402 16.0000324249
27402 15.0001049042
27383 16.0000324249
27358 0.0
27358 16.0000324249
27355 20.9999084473
27355 16.0000324249
27330 0.0
27330 16.0000324249
27300 13.9999389648
27295 16.0000324249
27295 16.0000324249
27295 21.999835968
27295 0.0
27280 16.0000324249
27280 16.0000324249
27280 15.0001049042
27280 16.0000324249
27280 15.9997940063
27238 18.000125885
27238 3.00002098083
27219 16.0000324249
27219 14.9998664856
27219 0.0
