MSTweight:18179 30.9998989105
Change data:
18170 16.0000324249
18163 16.0000324249
18163 20.9999084473
18159 0.0
18151 16.0000324249
18145 0.0
18110 16.0000324249
18110 0.999927520752
18106 0.0
18083 0.0
18064 16.0000324249
18064 0.0
18058 0.0
18053 16.0000324249
18032 0.0
18032 0.0
18024 14.9998664856
17996 0.0
17977 0.0
17977 19.9999809265
17977 0.0
17977 0.0
17962 0.0
17962 16.0000324249
17949 0.0
17883 0.0
17883 16.0000324249
17872 0.0
17872 0.0
17872 15.0001049042
17872 0.0
17831 0.0
17824 15.9997940063
17800 0.0
17790 0.0
17790 16.0000324249
17777 0.0
17776 0.0
17775 18.000125885
17775 3.99994850159
17765 0.0
17754 0.0
17722 15.0001049042
17722 0.0
17722 0.0
17722 15.9997940063
17713 0.0
17703 0.0
17703 16.0000324249
17703 0.0
17672 0.0
17672 15.0001049042
17663 0.0
17636 0.0
17636 0.0
17636 16.0000324249
17636 0.0
17618 19.9999809265
17618 1.9998550415
17618 0.0
17595 0.0
17580 16.0000324249
17552 0.0
17552 0.0
17540 15.0001049042
17540 0.0
17540 0.0
17518 16.0000324249
17518 0.0
17506 0.0
17506 14.9998664856
17487 0.0
17487 0.0
17480 16.0000324249
17480 0.0
17465 0.0
17439 18.000125885
17439 3.99994850159
17439 0.0
17426 0.0
17426 14.9998664856
17406 0.0
17383 0.0
17383 16.0000324249
17368 0.0
17362 0.0
17362 16.0000324249
17362 0.0
17304 0.0
17301 15.0001049042
17233 0.0
17233 0.0
17233 16.0000324249
17233 0.0
17217 0.0
17217 16.9999599457
17194 4.99987602234
17189 0.0
17186 0.0
17186 0.0
17168 16.0000324249
17165 0.0
17165 0.0
17165 15.0001049042
17123 0.0
17059 0.0
17059 16.0000324249
17059 0.0
17020 0.0
17001 15.9997940063
17000 0.0
16995 0.0
16981 15.0001049042
16966 0.0
16944 0.0
16944 16.9999599457
16944 5.00011444092
16941 0.0
16941 0.0
16941 0.0
16941 15.9997940063
16936 0.0
16934 0.0
16923 16.0000324249
16923 0.0
16922 0.0
16922 15.0001049042
16906 0.0
16861 0.0
16844 16.0000324249
16839 0.0
16839 16.0000324249
16839 0.0
16839 0.0
16839 14.9998664856
16839 5.00011444092
16818 1.9998550415
16818 0.0
16811 0.0
16783 15.0001049042
16783 0.0
16783 0.0
16783 16.0000324249
16775 0.0
16752 0.0
16752 16.0000324249
16752 0.0
16732 0.0
16732 0.0
16721 14.9998664856
16707 0.0
16696 0.0
16696 16.0000324249
16696 0.0
16696 0.0
16696 20.9999084473
16637 1.00016593933
16609 0.0
16571 0.0
16545 14.9998664856
16513 0.0
16513 0.0
16510 16.0000324249
16494 0.0
16450 0.0
16432 15.0001049042
16428 0.0
16427 0.0
16411 16.0000324249
16403 0.0
16403 0.0
16403 15.9997940063
16403 0.0
16376 0.0
16376 17.0001983643
16376 3.99994850159
16376 0.0
16329 0.0
16329 16.0000324249
16327 0.0
16327 0.0
16327 16.0000324249
16327 0.0
16327 14.9998664856
16327 0.0
16327 16.0000324249
16327 0.0
16318 0.0
16295 16.0000324249
16293 0.0
16293 0.0
16285 16.0000324249
16268 4.99987602234
16268 0.0
16268 0.0
16249 0.0
16244 16.0000324249
16244 0.0
16240 0.0
16240 15.0001049042
16226 0.0
16209 0.0
16198 16.0000324249
16193 5.99980354309
16157 0.0
16157 16.0000324249
16157 0.0
16157 0.0
16110 0.0
16110 16.9999599457
16110 5.00011444092
16110 4.99987602234
16110 4.00018692017
16076 0.0
16076 0.0
16041 15.9997940063
15994 0.0
15994 0.0
15994 15.0001049042
15976 0.0
15966 0.0
15966 16.0000324249
15966 0.0
15926 0.0
15926 16.0000324249
15926 0.0
15926 0.0
15898 14.9998664856
15898 0.0
15898 0.0
15898 16.0000324249
15898 5.00011444092
15883 0.999927520752
15883 0.0
15866 0.0
15864 16.0000324249
15857 0.0
15857 0.0
15857 16.0000324249
15857 0.0
15837 0.0
15837 14.9998664856
15837 0.0
15763 0.0
15736 16.0000324249
15736 0.0
15685 0.0
15670 16.0000324249
15658 0.0
15632 0.0
15632 19.0000534058
15592 1.9998550415
15588 0.0
15588 0.0
15547 16.0000324249
15547 0.0
15529 0.0
15525 15.0001049042
15517 0.0
15516 0.0
15516 16.0000324249
15516 0.0
15516 0.0
15498 16.0000324249
15483 0.0
15483 0.0
15476 14.9998664856
15458 0.0
15458 0.0
15458 19.0000534058
15458 3.00002098083
15458 0.0
15430 0.0
15380 16.0000324249
15380 0.0
15379 0.0
15367 14.9998664856
15367 0.0
15354 0.0
15354 16.0000324249
15354 0.0
15349 0.0
15349 16.0000324249
15349 0.0
15349 0.0
15329 15.0001049042
15319 0.0
15319 0.0
15319 17.9998874664
15315 3.99994850159
15274 0.0
15274 0.0
15274 16.0000324249
15259 0.0
15259 0.0
15259 15.0001049042
15259 0.0
15230 0.0
15230 16.0000324249
15230 0.0
15230 0.0
15230 14.9998664856
15202 0.0
15202 0.0
15202 16.0000324249
15202 0.0
15145 0.0
15145 17.9998874664
15145 4.00018692017
15118 0.0
15118 0.0
15118 15.9997940063
15102 0.0
15091 0.0
15091 15.0001049042
15086 0.0
15076 0.0
14999 16.0000324249
14999 0.0
14999 0.0
14999 0.0
14997 16.0000324249
14947 0.0
14923 0.0
14923 14.9998664856
14923 0.0
14889 0.0
14889 19.9999809265
14854 2.00009346008
14853 0.0
14853 0.0
14840 16.0000324249
14840 0.0
14840 0.0
14840 14.9998664856
14840 0.0
14840 16.0000324249
14814 0.0
14814 0.0
14814 15.0001049042
14814 0.0
14814 0.0
14814 16.0000324249
14810 0.0
14810 0.0
14803 16.9999599457
14796 4.99987602234
14796 0.0
14796 0.0
14796 15.0001049042
14729 0.0
14729 0.0
14668 16.0000324249
14666 0.0
14648 0.0
14644 16.0000324249
14644 0.0
14644 0.0
14640 14.9998664856
14640 0.0
14637 0.0
14614 16.0000324249
14609 0.0
14585 0.0
14545 19.9999809265
14545 2.00009346008
14545 0.0
14531 0.0
14522 0.0
14522 16.0000324249
14522 0.0
14510 0.0
14510 14.9998664856
14510 0.0
14510 0.0
14510 16.0000324249
14510 0.0
14510 16.0000324249
14510 0.0
14510 0.0
14458 15.0001049042
14407 0.0
14394 0.0
14393 16.9999599457
14374 4.99987602234
14366 0.0
14328 0.0
14322 0.0
14322 16.0000324249
14318 0.0
14293 0.0
14286 16.0000324249
14286 0.0
14286 0.0
14286 15.0001049042
14248 0.0
14241 0.0
14241 15.9997940063
14241 4.00018692017
14241 0.0
14241 0.0
14233 14.9998664856
14233 0.0
14231 0.0
14231 18.000125885
14231 0.0
14228 0.0
14224 15.9997940063
14224 0.0
14224 0.0
14162 16.0000324249
14159 0.0
14159 0.0
14149 15.0001049042
14113 0.0
14113 0.0
14097 0.0
14091 16.0000324249
14091 0.0
14091 0.0
14090 16.0000324249
14090 0.0
14060 0.0
14059 16.0000324249
14050 4.99987602234
14050 0.0
14050 0.0
14048 0.0
14048 16.0000324249
14048 0.0
14048 0.0
14047 16.0000324249
14047 0.0
14047 14.9998664856
14047 0.0
14047 0.0
14042 16.0000324249
14042 0.0
14015 0.0
14015 15.0001049042
13992 0.0
13975 0.0
13975 16.9999599457
13965 4.99987602234
13965 0.0
13965 0.0
13938 16.0000324249
13938 0.0
13912 0.0
13908 15.0001049042
13908 0.0
13908 0.0
13874 16.0000324249
13866 0.0
13862 0.0
13817 16.0000324249
13817 0.0
13797 0.0
13797 14.9998664856
13788 0.0
13781 0.0
13781 16.9999599457
13781 5.00011444092
13773 0.0
13773 0.0
13773 0.0
13708 16.0000324249
13708 0.0
13679 0.0
13673 14.9998664856
13673 0.0
13673 16.0000324249
13673 0.0
13670 0.0
13670 15.0001049042
13670 0.0
13670 0.0
13670 0.0
13670 16.0000324249
13670 0.0
13614 0.0
13614 20.9999084473
13614 0.999927520752
13614 0.0
13559 0.0
13559 16.0000324249
13559 0.0
13556 0.0
13555 16.0000324249
13543 0.0
13535 15.0001049042
13535 0.0
13535 0.0
13535 15.9997940063
13535 0.0
13535 0.0
13524 0.0
13513 15.0001049042
13513 0.0
13513 0.0
13513 19.0000534058
13513 3.99994850159
13513 0.0
13491 0.0
13491 0.0
13491 14.9998664856
13491 0.0
13491 16.0000324249
13481 0.0
13481 0.0
13474 15.0001049042
13473 0.0
13441 0.0
13441 16.0000324249
13441 0.0
13441 0.0
13438 0.0
13438 16.0000324249
13438 0.0
13430 0.0
13412 17.9998874664
13402 3.00002098083
13384 0.0
13384 0.0
13384 16.0000324249
13384 0.0
13384 0.0
13379 16.0000324249
13379 0.0
13379 0.0
13379 14.9998664856
13379 0.0
13379 0.0
13379 16.0000324249
13375 0.0
13375 0.0
13366 15.0001049042
13366 0.0
13359 0.0
13282 0.0
13282 20.9999084473
13281 2.00009346008
13281 0.0
13281 0.0
13281 14.9998664856
13281 0.0
13273 0.0
13260 16.0000324249
13256 0.0
13256 0.0
13256 16.0000324249
13239 0.0
13239 0.0
13224 15.0001049042
13221 0.0
13187 0.0
13187 15.9997940063
13187 0.0
13187 0.0
13187 18.000125885
13187 3.00002098083
13184 0.0
13184 0.0
13184 16.0000324249
13183 0.0
13183 0.0
13167 16.0000324249
13148 0.0
13142 0.0
13106 14.9998664856
13106 0.0
13097 0.0
13097 16.0000324249
13080 0.0
13080 0.0
13080 16.0000324249
13080 0.0
13080 0.0
13080 17.9998874664
13080 3.00002098083
13041 0.0
13041 0.0
13041 16.0000324249
13041 0.0
13041 0.0
13041 16.0000324249
13041 0.0
13041 0.0
13026 15.0001049042
13024 0.0
13006 0.0
13006 15.9997940063
12949 0.0
12929 0.0
12893 15.0001049042
12873 12.0000839233
12871 4.99987602234
12871 5.00011444092
12871 0.0
12871 0.0
12854 15.9997940063
12854 0.0
12843 0.0
12829 15.0001049042
12826 0.0
12826 0.0
12826 16.0000324249
12826 0.0
12826 0.0
12826 16.0000324249
12826 0.0
12826 0.0
12821 14.9998664856
12821 0.0
12821 0.0
12821 19.9999809265
12791 2.00009346008
12773 0.0
12773 0.0
12773 16.0000324249
12773 0.0
12753 0.0
12753 14.9998664856
12751 0.0
12751 0.0
12751 16.0000324249
12739 0.0
12731 0.0
12731 16.0000324249
12731 0.0
12725 15.0001049042
12725 0.0
12725 0.0
12725 17.9998874664
12692 3.99994850159
12692 0.0
12692 0.0
12672 16.0000324249
12672 0.0
12672 15.0001049042
12669 0.0
12669 0.0
12667 16.0000324249
12647 0.0
12647 16.0000324249
12638 0.0
12638 0.0
12638 14.9998664856
12598 0.0
12594 0.0
12594 16.9999599457
12594 5.00011444092
12594 0.0
12588 0.0
12588 16.0000324249
12588 0.0
12588 0.0
12563 16.0000324249
12525 0.0
12525 0.0
12478 14.9998664856
12469 0.0
12469 0.0
12454 16.0000324249
12454 0.0
12454 0.0
12454 16.0000324249
12454 0.0
12454 0.0
12445 19.9999809265
12425 2.00009346008
12425 0.0
12425 0.0
12425 14.9998664856
12425 0.0
12410 16.0000324249
12399 0.0
12399 0.0
12386 0.0
12386 16.0000324249
12386 0.0
12386 0.0
12382 14.9998664856
12377 0.0
12377 16.0000324249
12377 0.0
12348 0.0
12348 18.000125885
12333 3.99994850159
12333 0.0
12333 0.0
12329 14.9998664856
12329 0.0
12317 0.0
12311 16.0000324249
12311 0.0
12301 15.0001049042
12301 0.0
12288 0.0
12288 16.0000324249
12261 0.0
12254 0.0
12254 16.0000324249
12248 0.0
12248 18.9998149872
12248 3.00002098083
12248 0.0
12248 15.0001049042
12248 0.0
12188 16.0000324249
12188 16.0000324249
12188 14.9998664856
12171 0.0
12171 0.0
12171 16.0000324249
12171 0.0
12135 16.0000324249
12135 6.00004196167
12135 0.0
12130 0.0
12130 16.0000324249
12130 0.0
12130 0.0
12130 14.9998664856
12130 0.0
12130 0.0
12130 16.0000324249
12130 0.0
12130 16.0000324249
12130 0.0
12129 0.0
12129 14.9998664856
12127 0.0
12127 0.0
12124 20.0002193451
12099 1.9998550415
12099 0.0
12099 0.0
12099 16.0000324249
12099 0.0
12099 0.0
12085 16.0000324249
12085 0.0
12085 0.0
12085 14.9998664856
12073 0.0
12073 0.0
12073 16.0000324249
12073 0.0
12061 0.0
12043 16.0000324249
12043 0.0
12043 0.0
12043 19.9999809265
12043 2.00009346008
12043 0.0
12043 0.0
12032 14.9998664856
12032 0.0
12032 0.0
12028 16.0000324249
12028 0.0
12028 0.0
12028 16.0000324249
12028 0.0
12028 15.0001049042
12028 0.0
11991 0.0
11979 16.0000324249
11979 2.99978256226
11979 0.0
11979 0.0
11979 19.0000534058
11979 0.0
11979 0.0
11979 15.0001049042
11979 0.0
11979 0.0
11979 16.0000324249
11979 0.0
11979 0.0
11979 16.0000324249
11979 0.0
11968 14.9998664856
11968 0.0
11968 0.0
11968 16.0000324249
11959 0.0
11959 0.0
11959 20.9999084473
11954 1.00016593933
11954 0.0
11954 0.0
11924 16.0000324249
11924 0.0
11924 0.0
11924 14.9998664856
11907 0.0
11907 16.0000324249
11907 0.0
11907 16.0000324249
11899 0.0
11890 0.0
11878 14.9998664856
11878 0.0
11878 0.0
11878 21.0001468658
11878 0.999927520752
11864 0.0
11862 16.0000324249
11862 0.0
11862 16.0000324249
11862 0.0
11862 14.9998664856
11831 0.0
11829 0.0
11824 16.0000324249
11824 0.0
11824 0.0
11824 16.0000324249
11820 0.0
11812 19.9999809265
11806 2.00009346008
11806 0.0
11806 14.9998664856
11783 0.0
11783 16.0000324249
11783 0.0
11783 0.0
11783 0.0
11783 16.0000324249
11783 0.0
11765 15.0001049042
11765 0.0
11760 15.9997940063
11760 0.0
11760 17.0001983643
11760 3.99994850159
11740 0.0
11726 0.0
11726 16.0000324249
11726 0.0
11690 0.0
11690 16.0000324249
11667 0.0
11667 14.9998664856
11667 0.0
11667 16.0000324249
11667 0.0
11667 0.0
11667 16.0000324249
11667 0.0
11651 20.9999084473
11651 0.0
11644 0.0
11644 16.0000324249
11644 0.0
11631 16.0000324249
11631 0.0
11617 15.0001049042
11600 0.0
11591 15.9997940063
11591 0.0
11577 0.0
11576 15.0001049042
11534 0.0
11534 19.9999809265
11534 3.00002098083
11515 0.0
11515 15.0001049042
11515 0.0
11515 15.9997940063
11515 0.0
11512 0.0
11512 15.0001049042
11512 0.0
11512 16.0000324249
11512 0.0
11512 16.0000324249
11502 0.0
11502 0.0
11502 19.9999809265
11491 0.999927520752
11491 0.0
11491 16.0000324249
11491 0.0
11458 16.0000324249
11458 0.0
11457 0.0
11443 14.9998664856
11443 0.0
11423 16.0000324249
11423 0.0
11423 16.0000324249
11423 0.0
11415 16.0000324249
11415 6.00004196167
11415 0.0
11412 0.0
11412 14.9998664856
11412 0.0
11406 16.0000324249
11376 0.0
11376 16.0000324249
11376 0.0
11376 15.0001049042
11376 0.0
11376 0.0
11376 15.9997940063
11376 0.0
11362 20.0002193451
11362 1.9998550415
11362 0.0
11345 16.0000324249
11338 0.0
11338 15.0001049042
11325 0.0
11325 0.0
11319 15.9997940063
11319 0.0
11319 16.0000324249
11298 0.0
11298 15.0001049042
11298 3.99994850159
11285 0.0
11285 18.000125885
11285 0.0
11285 15.9997940063
11285 0.0
11283 0.0
11281 15.0001049042
11273 0.0
11239 16.0000324249
11239 0.0
11239 16.0000324249
11229 0.0
11229 0.0
11229 0.0
11229 14.9998664856
11229 0.0
11229 19.0000534058
11154 3.00002098083
11103 0.0
11103 16.0000324249
11085 0.0
11082 14.9998664856
11082 0.0
11082 0.0
11082 16.0000324249
11072 0.0
11064 15.0001049042
11047 0.0
11047 16.0000324249
11047 0.0
11046 0.0
11045 21.999835968
11004 0.0
11004 0.0
11004 15.0001049042
10990 0.0
10990 16.0000324249
10990 0.0
10990 16.0000324249
10990 0.0
10981 14.9998664856
10957 0.0
10955 0.0
10951 16.0000324249
10951 0.0
10951 20.9999084473
10934 1.00016593933
10934 0.0
10934 14.9998664856
10934 0.0
10924 16.0000324249
10924 0.0
10924 0.0
10924 15.0001049042
10922 0.0
10897 16.0000324249
10877 0.0
10868 15.9997940063
10854 0.0
10827 16.0000324249
10827 5.00011444092
10803 0.0
10782 16.0000324249
10782 0.0
10782 0.0
10782 16.0000324249
10782 0.0
10782 14.9998664856
10782 0.0
10782 16.0000324249
10782 0.0
10782 16.0000324249
10764 0.0
10753 0.0
10753 20.9999084473
10753 1.00016593933
