MSTweight:4175 14.9998664856
Change data:
4175 0.0
4172 0.0
4130 0.0
4130 16.0000324249
4129 0.0
4122 0.0
4100 0.0
4100 0.0
4098 0.0
4091 0.0
4058 0.0
4058 16.0000324249
3993 0.0
3968 0.0
3950 0.0
3938 0.0
3938 0.0
3938 0.0
3937 0.0
3921 0.0
3921 0.0
3921 0.0
3897 0.0
3897 14.9998664856
3888 0.0
3888 0.0
3885 0.0
3864 0.0
3864 0.0
3864 0.0
3864 0.0
3864 0.0
3858 0.0
3858 0.0
3858 0.0
3858 0.0
3806 16.0000324249
3806 0.0
3769 0.0
3757 0.0
3721 0.0
3721 0.0
3714 0.0
3714 0.0
3714 0.0
3712 0.0
3712 0.0
3712 0.0
3704 0.0
3704 0.0
3704 0.0
3704 16.9999599457
3697 1.00016593933
3613 0.999927520752
3613 0.999927520752
3588 2.00009346008
3584 0.0
3567 0.0
3544 0.0
3532 0.0
3520 0.0
3520 0.0
3496 0.0
3495 0.0
3495 0.0
3481 0.0
3481 0.0
3481 15.0001049042
3481 0.0
3469 0.0
3469 0.0
3469 0.0
3469 0.0
3469 0.0
3464 0.0
3464 0.0
3458 0.0
3446 0.0
3446 0.0
3446 0.0
3422 15.9997940063
3405 0.0
3403 0.0
3403 0.0
3403 0.0
3403 0.0
3399 0.0
3397 0.0
3396 0.0
3396 0.0
3359 0.0
3359 0.0
3348 0.0
3348 0.0
3335 0.0
3335 0.0
3335 0.0
3335 0.0
3323 0.0
3323 0.0
3323 0.0
3323 0.0
3323 0.0
3323 0.0
3282 0.0
3273 0.0
3273 0.0
3262 15.0001049042
3262 0.0
3262 0.0
3262 0.0
3262 0.0
3259 0.0
3259 0.0
3257 0.0
3257 0.0
3257 0.0
3241 0.0
3241 0.0
3241 0.0
3241 0.0
3241 16.0000324249
3221 1.9998550415
3221 0.0
3221 0.0
3221 0.0
3218 0.0
3215 0.0
3205 0.0
3189 0.0
3184 0.0
3184 0.0
3184 0.0
3184 0.0
3184 0.0
3184 16.9999599457
3184 1.00016593933
3184 0.999927520752
3169 0.999927520752
3169 0.0
3169 0.0
3169 0.0
3169 0.0
3169 0.0
3169 0.0
3169 0.0
3169 0.0
3168 0.0
3168 0.0
3154 0.0
3154 0.0
3154 16.0000324249
3154 0.0
3154 0.0
3115 0.0
3113 0.0
3102 0.0
3102 0.0
3097 0.0
3097 0.0
3097 0.0
3033 0.0
3033 0.0
3033 0.0
3033 0.0
3020 0.0
3020 15.0001049042
3020 0.0
3018 0.0
3009 0.0
3009 0.0
3007 0.0
3000 0.0
3000 0.0
3000 0.0
3000 0.0
3000 0.0
3000 0.0
3000 0.0
3000 16.0000324249
2993 0.0
2993 0.0
2993 0.0
2981 0.0
2981 0.0
2981 0.0
2981 0.0
2981 0.0
2956 0.0
2956 0.0
2950 0.0
2950 0.0
2950 0.0
2950 16.0000324249
2939 0.0
2939 0.0
2939 0.0
2921 0.0
2921 0.0
2921 0.0
2921 0.0
2910 0.0
2910 0.0
2888 0.0
2888 0.0
2883 14.9998664856
2883 0.0
2883 0.0
2883 0.0
2883 0.0
2883 0.0
2883 0.0
2883 0.0
2880 0.0
2880 0.0
2880 0.0
2880 0.0
2874 0.0
2874 0.0
2874 16.9999599457
2874 2.00009346008
2874 0.999927520752
2874 0.999927520752
2874 0.0
2865 0.0
2865 0.0
2865 0.0
2846 0.0
2846 0.0
2815 0.0
2810 0.0
2810 0.0
2810 0.0
2810 0.0
2810 0.0
2810 0.0
2810 16.0000324249
2810 0.0
2810 0.0
2810 0.0
2809 0.0
2809 0.0
2809 0.0
2809 0.0
2809 0.0
2809 0.0
2809 0.0
2805 0.0
2805 0.0
2805 16.0000324249
2805 0.0
2805 0.0
2805 0.0
2801 0.0
2801 0.0
2801 0.0
2801 0.0
2778 0.0
2778 0.0
2762 0.0
2762 0.0
2762 0.0
2762 15.0001049042
2762 0.0
2762 0.0
2762 0.0
2743 0.0
2743 0.0
2743 0.0
2743 0.0
2720 0.0
2713 0.0
2713 0.0
2713 0.0
2711 0.0
2700 0.0
2700 16.0000324249
2700 0.0
2681 0.0
2681 0.0
2678 0.0
2678 0.0
2678 0.0
2676 0.0
2676 0.0
2676 0.0
2676 0.0
2676 0.0
2676 0.0
2676 16.0000324249
2676 0.0
2676 0.0
2676 0.0
2676 0.0
2676 0.0
2671 0.0
2651 0.0
2651 0.0
2651 0.0
2651 0.0
2651 0.0
2651 0.0
2651 0.0
2643 15.9997940063
2628 2.00009346008
2628 0.999927520752
2628 1.00016593933
2628 0.999927520752
2628 0.999927520752
2626 0.0
2585 0.0
2585 0.0
2574 0.0
2574 0.0
2553 0.0
2553 0.0
2511 0.0
2511 0.0
2511 0.0
2511 0.0
2505 0.0
2491 0.0
2491 15.0001049042
2491 0.0
2474 0.0
2474 0.0
2474 0.0
2474 0.0
2456 0.0
2456 0.0
2456 0.0
2456 0.0
2456 0.0
2456 0.0
2456 16.0000324249
2456 0.0
2456 0.0
2456 0.0
2456 0.0
2456 0.0
2456 0.0
2456 0.0
2456 0.0
2456 0.0
2456 0.0
2445 0.0
2445 0.0
2445 0.0
2445 15.9997940063
2428 0.0
2420 0.0
2409 0.0
2409 0.0
2404 0.0
2401 0.0
2401 0.0
2401 0.0
2398 0.0
2398 0.0
2398 0.0
2398 0.0
2398 15.0001049042
2383 0.0
2381 0.0
2381 0.0
2381 0.0
2378 0.0
2378 0.0
2378 0.0
2378 0.0
2373 0.0
2373 0.0
2373 0.0
2373 0.0
2373 16.0000324249
2373 0.0
2373 0.0
2373 0.0
2373 0.0
2373 0.0
2370 0.0
2358 0.0
2358 0.0
2351 0.0
2337 0.0
2317 16.9999599457
2313 0.999927520752
2313 1.00016593933
2313 0.999927520752
2313 0.999927520752
2304 1.00016593933
2304 0.0
2304 0.0
2304 0.0
2304 0.0
2300 0.0
2300 0.0
2300 0.0
2300 0.0
2300 0.0
2300 0.0
2300 0.0
2300 0.0
2300 15.9997940063
2300 0.0
2251 0.0
2246 0.0
2246 0.0
2246 0.0
2241 0.0
2234 0.0
2234 0.0
2231 0.0
2224 0.0
2224 0.0
2224 0.0
2223 0.0
2223 15.0001049042
2223 0.0
2223 0.0
2223 0.0
2223 0.0
2223 0.0
2213 0.0
2213 0.0
2213 0.0
2213 0.0
2213 0.0
2213 16.0000324249
2213 0.0
2213 0.0
2213 0.0
2213 0.0
2208 16.0000324249
2208 0.0
2199 0.0
2199 0.0
2199 0.0
2199 0.0
2199 0.0
2199 0.0
2199 0.0
2199 0.0
2199 0.0
2199 0.0
2187 0.0
2147 0.0
2136 14.9998664856
2136 0.0
2136 0.0
2136 0.0
2136 0.0
2136 0.0
2136 0.0
2136 0.0
2136 0.0
2124 0.0
2124 0.0
2112 0.0
2098 0.0
2098 16.9999599457
2098 1.00016593933
2091 0.999927520752
2091 1.00016593933
2091 0.999927520752
2083 0.0
2083 0.0
2074 0.0
2071 0.0
2071 0.0
2071 0.0
2071 0.0
2069 0.0
2069 0.0
2069 0.0
2069 0.0
2069 0.0
2069 0.0
2069 16.0000324249
2059 0.0
2059 0.0
2059 0.0
2059 0.0
2059 0.0
2059 0.0
2059 0.0
2041 0.0
2041 0.0
2035 0.0
2035 0.0
2035 0.0
2035 16.0000324249
2035 0.0
2035 0.0
2035 0.0
2035 0.0
2035 0.0
2035 0.0
2035 0.0
2035 0.0
2035 0.0
2035 0.0
2035 0.0
2035 0.0
2035 14.9998664856
1989 0.0
1989 0.0
1989 0.0
1989 0.0
1989 0.0
1978 0.0
1978 0.0
1978 0.0
1976 0.0
1969 0.0
1969 0.0
1969 0.0
1969 16.0000324249
1969 0.0
1969 0.0
1969 0.0
1969 0.0
1969 0.0
1969 0.0
1969 0.0
1969 0.0
1969 0.0
1969 0.0
1961 0.0
1961 16.0000324249
1954 0.0
1954 0.0
1954 0.0
1954 0.0
1954 0.0
1954 0.0
1944 0.0
1944 0.0
1944 0.0
1935 0.0
1935 0.0
1935 0.0
1922 16.0000324249
1922 0.999927520752
1918 2.00009346008
1918 0.999927520752
1918 0.999927520752
1918 0.0
1915 0.0
1915 0.0
1915 0.0
1913 0.0
1894 0.0
1894 0.0
1884 0.0
1884 0.0
1884 0.0
1879 0.0
1879 0.0
1879 0.0
1879 16.0000324249
1879 0.0
1879 0.0
1879 0.0
1879 0.0
1879 0.0
1879 0.0
1879 0.0
1879 0.0
1879 0.0
1879 0.0
1879 0.0
1879 0.0
1879 16.0000324249
1877 0.0
1877 0.0
1877 0.0
1873 0.0
1870 0.0
1868 0.0
1868 0.0
1868 0.0
1847 0.0
1847 0.0
1836 0.0
1836 0.0
1836 0.0
1836 15.0001049042
1836 0.0
1836 0.0
1836 0.0
1834 0.0
1834 0.0
1832 0.0
1822 0.0
1822 0.0
1822 0.0
1822 0.0
1818 0.0
1818 0.0
1818 0.0
1818 16.0000324249
1814 0.0
1813 0.0
1813 0.0
1813 0.0
1807 0.0
1807 0.0
1793 0.0
1780 0.0
1780 0.0
1780 0.0
1767 0.0
1767 0.0
1767 14.9998664856
1767 0.0
1765 0.0
1765 0.0
1762 0.0
1762 0.0
1762 0.0
1762 0.0
1757 0.0
1757 0.0
1757 0.0
1747 0.0
1747 0.0
1747 16.9999599457
1740 1.00016593933
1740 0.999927520752
1735 0.999927520752
1735 0.999927520752
1735 2.00009346008
1735 0.0
1735 0.0
1735 0.0
1728 0.0
1728 0.0
1728 0.0
1728 0.0
1728 0.0
1728 0.0
1722 0.0
1722 0.0
1722 0.0
1709 15.0001049042
1709 0.0
1706 0.0
1706 0.0
1706 0.0
1705 0.0
1705 0.0
1705 0.0
1705 0.0
1705 0.0
1705 0.0
1704 0.0
1698 0.0
1698 0.0
1698 16.0000324249
1692 0.0
1692 0.0
1692 0.0
1692 0.0
1692 0.0
1692 0.0
1692 0.0
1692 0.0
1692 0.0
1692 0.0
1692 0.0
1686 14.9998664856
1682 0.0
1682 0.0
1682 0.0
1682 0.0
1679 0.0
1679 0.0
1673 0.0
1673 0.0
1673 0.0
1673 0.0
1673 0.0
1660 0.0
1645 16.0000324249
1645 0.0
1645 0.0
1643 0.0
1633 0.0
1633 0.0
1633 0.0
1633 0.0
1633 0.0
1633 0.0
1629 0.0
1629 0.0
1627 0.0
1616 0.0
1616 16.0000324249
1616 0.0
1616 0.0
1616 0.0
1616 0.0
1610 0.0
1610 0.0
1610 0.0
1610 0.0
1610 0.0
1598 0.0
1598 0.0
1598 0.0
1598 16.0000324249
1598 0.999927520752
1598 0.999927520752
1598 1.00016593933
1598 0.999927520752
1598 2.00009346008
1598 0.0
1598 0.0
1597 0.0
1577 0.0
1577 0.0
1577 0.0
1577 0.0
1577 0.0
1577 0.0
1577 0.0
1577 0.0
1577 0.0
1574 0.0
1570 14.9998664856
1570 0.0
1570 0.0
1570 0.0
1570 0.0
1570 0.0
1570 0.0
1565 0.0
1565 0.0
1565 0.0
1565 16.0000324249
1565 0.0
1565 0.0
1562 0.0
1562 0.0
1562 0.0
1562 0.0
1562 0.0
1556 0.0
1556 0.0
1556 0.0
1556 0.0
1556 0.0
1556 16.0000324249
1556 0.0
1556 0.0
1553 0.0
1553 0.0
1553 0.0
1546 0.0
1546 0.0
1546 0.0
1546 0.0
1546 0.0
1546 0.0
1546 14.9998664856
1546 0.0
1544 0.0
1544 0.0
1544 0.0
1544 0.0
1544 0.0
1544 0.0
1544 0.0
1544 0.0
1544 0.0
1544 0.0
1544 0.0
1544 16.0000324249
1544 0.0
1544 0.0
1544 0.0
1544 0.0
1544 0.0
1544 0.0
1544 0.0
1541 0.0
1541 0.0
1541 0.0
1541 0.0
1541 16.0000324249
1541 0.999927520752
1541 1.00016593933
1541 0.999927520752
1541 1.00016593933
1541 0.999927520752
1538 0.0
1538 0.0
1538 0.0
1538 0.0
1538 0.0
1534 0.0
1534 0.0
1534 0.0
1534 0.0
1534 0.0
1534 0.0
1534 0.0
1534 0.0
1534 0.0
1534 16.0000324249
1534 0.0
1534 0.0
1534 0.0
1534 0.0
1534 0.0
1534 0.0
1534 0.0
1534 0.0
1534 0.0
1529 0.0
1529 14.9998664856
1529 0.0
1529 0.0
1494 0.0
1494 0.0
1494 0.0
1494 16.0000324249
1494 0.0
1494 0.0
1494 0.0
1483 0.0
1483 0.0
1483 0.0
1483 0.0
1483 15.0001049042
1483 0.0
1483 0.0
1478 0.0
1470 0.0
1467 0.0
1467 0.0
1462 0.0
1462 0.0
1462 0.0
1462 0.0
1462 0.0
1462 0.0
1462 16.0000324249
1462 0.0
1462 0.0
1462 0.0
1456 0.0
1456 0.0
1456 0.0
1452 0.0
1452 0.0
1452 0.0
1452 0.0
1452 0.0
1452 15.9997940063
1452 1.00016593933
1452 1.9998550415
1452 1.00016593933
1452 0.999927520752
1452 0.999927520752
1452 0.0
1452 0.0
1452 0.0
1452 0.0
1452 0.0
1452 0.0
1452 0.0
1452 0.0
1443 0.0
1443 0.0
1443 0.0
1441 0.0
1437 16.0000324249
1437 0.0
1429 0.0
1429 0.0
1429 0.0
1429 0.0
1429 0.0
1421 0.0
1421 0.0
1421 0.0
1421 0.0
1421 0.0
1421 0.0
1421 15.0001049042
1421 0.0
1421 0.0
1421 0.0
1421 0.0
1421 0.0
1421 0.0
1421 0.0
1421 0.0
1421 0.0
1421 0.0
1421 0.0
1421 16.0000324249
1421 0.0
1421 0.0
1421 0.0
1421 0.0
1421 0.0
1421 0.0
1421 0.0
1421 0.0
1421 0.0
1420 0.0
1416 0.0
1416 0.0
1416 15.9997940063
1416 0.0
1416 0.0
1416 0.0
1416 0.0
1416 0.0
1416 0.0
1416 0.0
1416 0.0
1416 0.0
1416 0.0
1416 15.0001049042
1414 2.00009346008
1413 0.0
1413 0.0
1413 0.0
1413 0.0
1413 0.0
1413 0.0
1413 0.0
1413 0.0
1413 0.0
1413 0.0
1413 0.0
1413 0.0
1413 15.9997940063
1413 1.00016593933
1386 0.999927520752
1386 0.999927520752
1386 1.00016593933
1386 0.0
1386 0.0
1386 0.0
1377 0.0
1377 0.0
1377 0.0
1377 0.0
1377 0.0
1377 0.0
1377 0.0
1377 0.0
1353 0.0
1353 16.0000324249
1353 0.0
1353 0.0
1353 0.0
1353 0.0
1353 0.0
1353 0.0
1352 0.0
1352 0.0
1352 0.0
1352 0.0
1352 0.0
1352 0.0
1352 15.9997940063
1351 0.0
1351 0.0
1351 0.0
1351 0.0
1351 0.0
1351 0.0
1351 0.0
1347 0.0
1347 0.0
1343 0.0
1343 0.0
1327 0.0
1327 0.0
1327 15.0001049042
1327 0.0
1327 0.0
1327 0.0
1327 0.0
1327 0.0
1327 0.0
1327 0.0
1327 0.0
1327 0.0
1327 0.0
1327 0.0
1327 16.0000324249
1327 0.0
1327 0.0
