MSTweight:298644 2503.9999485
Change data:
298624 77.0001411438
298605 99.9999046326
298576 99.9999046326
298576 100.000143051
298556 85.000038147
298498 98.9999771118
298498 99.9999046326
298498 100.000143051
298485 99.9999046326
298462 83.9998722076
298448 132.000207901
298448 99.9999046326
298445 85.000038147
298442 115.999937057
298436 115.999937057
298436 131.000041962
298428 121.999979019
298428 116.000175476
298420 146.999835968
298420 115.999937057
298399 122.000217438
298399 131.999969482
298395 115.999937057
298395 131.000041962
298373 138.000011444
298368 115.999937057
298368 131.000041962
298359 138.000011444
298350 115.999937057
298350 147.000074387
298350 115.999937057
298339 137.000083923
298333 115.999937057
298333 115.999937057
298298 131.000041962
298281 121.999979019
298265 115.999937057
298246 131.999969482
298229 131.000041962
298208 121.999979019
298189 132.000207901
298174 115.999937057
298166 131.000041962
298166 121.999979019
298165 115.999937057
298165 115.999937057
298162 146.000146866
298154 121.999979019
298154 131.999969482
298134 115.999937057
298096 131.000041962
298096 121.999979019
298085 131.999969482
298021 115.999937057
297978 131.000041962
297978 121.999979019
297977 116.000175476
297977 130.999803543
297977 131.000041962
297925 123.000144958
297919 115.999937057
297919 147.000074387
297912 134.999990463
297912 117.999792099
297912 116.000175476
297912 131.000041962
297912 115.999937057
297885 122.99990654
297885 131.000041962
297885 131.000041962
297885 115.999937057
297848 123.000144958
297848 146.999835968
297845 131.000041962
297845 138.000011444
297806 131.999969482
297754 131.000041962
297754 118.999958038
297754 101.999998093
297700 131.999969482
297700 131.999969482
297691 138.000011444
297637 131.000041962
297614 131.999969482
297603 116.000175476
297594 120.99981308
297593 116.000175476
297593 130.999803543
297584 116.000175476
297580 152.99987793
297580 131.000041962
297580 131.000041962
297580 138.000011444
297567 115.999937057
297567 115.000009537
297567 131.999969482
297566 137.000083923
297566 115.000009537
297488 131.999969482
297488 115.999937057
297465 121.999979019
297446 131.000041962
297441 131.000041962
297441 137.000083923
297436 131.999969482
297435 115.999937057
297390 115.999937057
297390 115.999937057
297363 137.000083923
297335 131.999969482
297319 131.000041962
297312 138.000011444
297234 115.999937057
297229 131.999969482
297164 115.000009537
297164 123.000144958
297144 131.000041962
297137 115.999937057
297137 115.000009537
297131 138.999938965
297131 131.000041962
297131 131.000041962
297129 115.999937057
297117 122.99990654
297117 115.000009537
297115 148.000001907
297115 138.000011444
297115 115.000009537
297115 131.999969482
297042 116.000175476
297024 132.999897003
297024 121.000051498
297024 65.9999847412
297024 118.000030518
296995 131.999969482
296995 131.000041962
296991 115.000009537
296991 122.99990654
296948 131.000041962
296948 131.999969482
296948 134.000062943
296917 118.999958038
296915 115.999937057
296915 115.999937057
296885 131.000041962
296885 121.999979019
296885 115.000009537
296872 116.000175476
296872 131.999969482
296806 115.999937057
296749 137.000083923
296749 130.999803543
296727 152.000188828
296710 118.000030518
296710 130.999803543
296710 116.000175476
296627 138.000011444
296622 115.000009537
296622 115.999937057
296610 115.999937057
296555 115.000009537
296555 115.000009537
296553 122.99990654
296538 131.000041962
296518 146.000146866
296506 122.99990654
296470 131.000041962
296458 115.000009537
296452 115.999937057
296414 138.000011444
296414 147.000074387
296414 115.999937057
296414 135.999917984
296393 117.000102997
296393 115.999937057
296393 131.000041962
296393 115.999937057
296392 137.000083923
296389 131.999969482
296382 115.000009537
296382 138.000011444
296377 131.999969482
296377 115.999937057
296353 131.000041962
296353 122.99990654
296353 131.000041962
296353 116.000175476
296353 130.999803543
296315 138.000011444
296308 116.000175476
296308 130.999803543
296295 138.000011444
296282 101.000070572
296282 131.000041962
296282 115.999937057
296272 150.000095367
296272 118.999958038
296264 131.000041962
296245 131.000041962
296245 121.999979019
296245 115.999937057
296238 131.000041962
296226 152.99987793
296226 116.000175476
296142 115.999937057
296142 131.000041962
296103 131.999969482
296073 121.000051498
296073 130.999803543
296073 116.000175476
296073 138.000011444
296062 146.999835968
296062 117.000102997
296031 115.000009537
296019 121.999979019
295998 131.999969482
295998 115.999937057
295942 131.000041962
295942 121.000051498
295937 131.999969482
295925 147.000074387
295873 138.000011444
295873 131.000041962
295786 130.999803543
295786 121.999979019
295786 147.000074387
295781 131.999969482
295730 121.999979019
295730 131.000041962
295730 131.000041962
295730 138.000011444
295730 115.999937057
295719 131.999969482
295706 131.000041962
295706 123.000144958
295700 130.999803543
295700 116.000175476
295700 130.999803543
295700 137.000083923
295700 131.999969482
295681 131.000041962
295675 122.99990654
295675 131.000041962
295664 131.000041962
295635 115.999937057
295635 121.999979019
295626 131.000041962
295610 131.000041962
295586 133.000135422
295581 120.99981308
295557 131.999969482
295546 154.000043869
295546 116.000175476
295546 130.999803543
295527 116.000175476
295522 136.999845505
295492 131.999969482
295489 131.000041962
295477 115.999937057
295447 137.000083923
295406 131.999969482
295406 131.000041962
295395 122.99990654
295388 147.000074387
295377 131.000041962
295357 154.000043869
295338 115.999937057
295301 131.000041962
295292 137.000083923
295292 115.999937057
295292 131.999969482
295292 115.000009537
295222 138.000011444
295222 115.999937057
295222 131.000041962
295136 138.000011444
295101 131.000041962
295101 131.999969482
295084 136.999845505
295084 115.000009537
295084 131.000041962
295064 131.999969482
295064 137.000083923
295064 131.000041962
295064 131.999969482
295021 121.999979019
294994 115.999937057
294978 115.000009537
294967 131.999969482
294929 115.000009537
294920 119.000196457
294920 119.999885559
294920 147.000074387
294904 138.000011444
294904 130.999803543
294904 116.000175476
294904 131.000041962
294884 121.999979019
294884 130.999803543
294884 116.000175476
294875 146.999835968
294875 122.000217438
294864 115.999937057
294864 115.999937057
294864 131.000041962
294846 122.99990654
294778 131.000041962
294778 115.999937057
294778 131.999969482
294727 121.000051498
294683 148.000001907
294667 116.000175476
294630 137.999773026
294590 131.000041962
294590 116.000175476
294554 130.999803543
294532 138.000011444
294511 116.000175476
294511 131.999969482
294511 138.000011444
294511 131.999969482
294500 131.000041962
294489 115.999937057
294489 122.99990654
294489 131.000041962
294479 131.999969482
294474 138.000011444
294456 115.999937057
294456 131.000041962
294423 131.000041962
294418 138.000011444
294397 131.999969482
294397 131.000041962
294397 138.000011444
294397 0.0
294397 131.999969482
294397 115.000009537
294372 135.999917984
294357 133.000135422
294357 131.999969482
294347 137.000083923
294347 115.999937057
294347 131.000041962
294306 131.000041962
294290 137.999773026
294281 115.000009537
294268 116.000175476
294268 131.999969482
294268 121.999979019
294230 131.000041962
294230 115.000009537
294219 115.999937057
294166 115.999937057
294155 123.000144958
294145 161.999940872
294111 138.000011444
294111 148.000001907
294042 131.000041962
294042 121.999979019
294042 131.999969482
294042 115.999937057
294033 184.000015259
294033 131.999969482
293949 131.999969482
293899 137.000083923
293899 148.000001907
293899 121.999979019
293852 115.999937057
293837 162.000179291
293837 122.99990654
293837 131.000041962
293793 146.999835968
293793 138.000011444
293793 131.000041962
293793 115.999937057
293793 116.000175476
293788 122.99990654
293788 115.999937057
293788 131.000041962
293788 131.000041962
293750 137.000083923
293702 146.999835968
293661 116.000175476
293657 138.000011444
293598 115.999937057
293593 129.999876022
293559 116.000175476
293539 121.999979019
293539 115.999937057
293539 131.000041962
293502 131.999969482
293478 137.000083923
293478 131.999969482
293478 131.000041962
293478 121.999979019
293474 115.999937057
293464 131.999969482
293458 115.999937057
293440 136.000156403
293440 116.999864578
293434 115.999937057
293423 115.000009537
293423 131.000041962
293423 138.000011444
293409 147.000074387
293409 115.999937057
293409 138.000011444
293409 131.000041962
293390 115.999937057
293390 115.000009537
293383 138.000011444
293341 115.999937057
293341 116.000175476
293338 130.999803543
293325 122.000217438
293319 131.999969482
293304 131.000041962
293289 137.999773026
293285 131.000041962
293278 148.000001907
293278 121.999979019
293278 131.999969482
293270 115.000009537
293257 149.000167847
293237 119.999885559
293237 131.000041962
293210 131.999969482
293195 153.000116348
293195 131.000041962
293195 115.999937057
293189 122.99990654
293189 131.000041962
293189 115.999937057
293189 116.000175476
293112 137.999773026
293085 131.000041962
293085 115.000009537
293075 150.000095367
293045 103.999853134
293045 132.000207901
292994 146.999835968
292992 121.000051498
292992 131.999969482
292942 115.999937057
292942 132.000207901
292942 138.000011444
292930 130.999803543
292930 116.000175476
292900 138.000011444
292827 115.999937057
292827 131.000041962
292827 116.999864578
292796 133.000135422
292709 105.000019073
292709 131.999969482
292709 115.999937057
292699 151.000022888
292678 132.999897003
292673 116.000175476
292627 130.999803543
292619 123.000144958
292617 146.999835968
292617 115.000009537
292607 138.000011444
292607 116.000175476
292549 130.999803543
292522 116.000175476
292522 135.999917984
292462 133.000135422
292419 99.9999046326
292419 131.000041962
292412 115.999937057
292412 105.999946594
292408 131.999969482
292408 131.000041962
292387 115.999937057
292387 138.000011444
292363 131.000041962
292363 131.999969482
292363 138.000011444
292331 131.000041962
292331 131.999969482
292331 121.999979019
292311 131.000041962
292305 115.999937057
292305 154.000043869
292305 115.999937057
292299 132.000207901
292270 114.999771118
292248 138.000011444
292248 116.000175476
292248 131.000041962
292227 115.999937057
292227 136.999845505
292219 132.000207901
292198 130.999803543
292102 116.000175476
292102 122.99990654
292102 131.000041962
292102 131.999969482
292102 153.000116348
292097 115.999937057
292097 146.999835968
292079 123.000144958
292079 145.999908447
292079 115.999937057
292055 116.000175476
292055 121.999979019
292035 115.000009537
292023 115.000009537
292023 148.000001907
292017 121.999979019
292000 147.000074387
292000 131.999969482
292000 121.999979019
292000 115.999937057
292000 131.000041962
292000 115.999937057
291994 133.000135422
291994 119.999885559
291994 131.999969482
291991 131.000041962
291991 121.999979019
291966 131.999969482
291953 131.000041962
291953 115.999937057
291936 138.000011444
291933 131.000041962
291933 115.999937057
291870 116.000175476
291870 121.999979019
291858 131.999969482
291858 115.000009537
291858 131.999969482
291858 137.000083923
291858 114.999771118
291801 131.000041962
291801 137.000083923
291788 131.000041962
291761 115.999937057
291760 131.999969482
291760 121.999979019
291760 131.000041962
291760 115.999937057
291754 131.999969482
291754 122.000217438
291718 115.999937057
291711 115.999937057
291704 115.000009537
291704 131.000041962
291704 122.99990654
291704 131.000041962
291692 131.000041962
291643 115.999937057
291640 137.000083923
291640 115.999937057
291640 131.999969482
291640 134.999990463
291633 118.000030518
291633 131.000041962
291607 131.999969482
291589 121.000051498
291589 131.999969482
291589 131.999969482
291589 115.000009537
291588 122.99990654
291565 131.000041962
291514 115.000009537
291512 131.000041962
291494 122.99990654
291482 131.000041962
291476 131.999969482
291476 115.000009537
291459 123.000144958
291459 115.999937057
291459 131.000041962
291445 115.999937057
291445 115.999937057
291445 137.000083923
291445 115.999937057
291429 100.000143051
291429 131.000041962
291429 115.999937057
291429 136.999845505
291429 132.000207901
291429 115.000009537
291429 137.999773026
291429 116.000175476
291429 131.000041962
291427 115.999937057
291411 138.000011444
291411 131.000041962
291392 115.999937057
291337 131.999969482
291333 138.000011444
291321 131.000041962
291320 115.000009537
291320 138.000011444
291313 131.000041962
291313 130.999803543
291313 116.000175476
291305 121.999979019
291244 131.000041962
291244 114.999771118
291237 131.000041962
291227 137.000083923
291227 131.999969482
291184 115.000009537
291158 115.999937057
291142 121.000051498
291142 131.000041962
291142 131.000041962
291132 131.999969482
291132 106.999874115
291132 131.000041962
291123 131.999969482
291063 116.000175476
291040 121.999979019
291040 131.999969482
291040 131.000041962
291040 115.999937057
291022 138.000011444
290992 115.999937057
290992 131.000041962
290992 137.000083923
290992 115.999937057
290989 115.999937057
290974 130.000114441
290974 115.999937057
290962 121.999979019
290950 131.000041962
290950 115.999937057
290948 131.000041962
290948 118.999958038
290948 104.000091553
290948 131.000041962
290948 115.999937057
290948 131.000041962
290948 122.99990654
290907 115.000009537
290894 131.000041962
290894 115.999937057
290891 134.999990463
290840 118.999958038
290840 131.000041962
290838 115.999937057
290838 136.000156403
290838 118.000030518
290805 115.000009537
290780 130.999803543
290780 116.000175476
290780 120.99981308
290780 132.000207901
290780 114.999771118
290780 115.000009537
290766 138.000011444
290762 116.000175476
290710 131.999969482
290701 115.000009537
290701 115.999937057
290698 121.000051498
290651 131.999969482
290651 115.000009537
290643 131.999969482
290643 121.999979019
290643 147.000074387
290624 115.999937057
290624 138.000011444
290624 131.000041962
290571 115.999937057
290558 115.999937057
290558 116.000175476
290558 136.999845505
290558 115.000009537
290558 116.000175476
290497 115.999937057
290485 135.999917984
290473 117.000102997
290467 115.999937057
290467 115.999937057
290442 115.999937057
290439 133.000135422
290431 118.999958038
290424 115.999937057
290424 131.000041962
290401 115.000009537
290393 121.999979019
290390 115.999937057
290349 132.000207901
290316 130.999803543
290316 122.000217438
290316 130.999803543
290240 116.000175476
290237 131.999969482
290176 121.999979019
290162 131.000041962
290152 115.999937057
290147 115.999937057
290120 153.000116348
290120 131.000041962
290111 115.999937057
290079 134.000062943
290079 117.999792099
290066 116.000175476
290055 130.999803543
290055 115.000009537
290055 138.000011444
290055 116.000175476
290055 131.999969482
290055 135.999917984
290055 101.000070572
290035 131.999969482
289989 115.999937057
289989 115.000009537
289989 138.000011444
289989 115.999937057
289988 116.000175476
289988 130.999803543
289967 134.000062943
289945 118.999958038
289935 116.000175476
289906 115.999937057
289859 150.000095367
289859 118.999958038
289853 131.000041962
289853 115.999937057
289853 115.000009537
289834 138.000011444
289834 115.999937057
289834 131.000041962
289808 138.000011444
289801 131.000041962
289788 130.999803543
289788 137.000083923
289777 148.000001907
289755 131.000041962
289755 138.000011444
289742 146.999835968
289742 137.000083923
289742 115.999937057
289692 132.000207901
289692 152.99987793
289685 161.999940872
289685 138.000011444
289685 115.000009537
289685 131.999969482
289685 154.000043869
289685 130.000114441
289685 131.999969482
289666 131.999969482
289647 121.999979019
289647 115.999937057
289647 131.000041962
289647 115.999937057
289647 121.000051498
289647 115.999937057
289647 115.000009537
289623 131.000041962
289622 100.000143051
289622 115.000009537
289618 153.99980545
289618 131.000041962
289606 115.999937057
289606 123.000144958
289606 115.000009537
289598 115.999937057
289561 131.000041962
289493 115.000009537
289484 121.999979019
289484 131.000041962
289477 131.000041962
289461 115.999937057
289461 122.99990654
289461 131.000041962
289461 115.999937057
289461 116.000175476
289461 115.000009537
289461 120.99981308
289458 116.000175476
289458 115.999937057
289433 131.999969482
289433 115.999937057
289433 121.999979019
289433 116.000175476
289411 130.999803543
289411 132.000207901
289406 121.999979019
289361 115.999937057
289361 115.999937057
289361 115.999937057
289328 115.000009537
289328 133.000135422
289328 103.999853134
289328 131.000041962
289301 131.999969482
289301 116.000175476
289301 136.999845505
289273 131.999969482
289273 115.000009537
289273 116.000175476
289273 121.999979019
289273 131.000041962
289261 115.000009537
289261 115.999937057
289261 134.999990463
289250 102.999925613
289250 115.999937057
289250 131.000041962
289228 116.000175476
289228 136.999845505
289186 115.999937057
289186 131.000041962
289186 116.000175476
289177 115.999937057
289113 121.999979019
289070 115.000009537
289046 115.999937057
289046 131.999969482
289045 115.999937057
289045 121.000051498
289040 116.000175476
289009 115.999937057
289000 131.000041962
289000 115.999937057
288965 119.999885559
288961 117.000102997
288953 115.999937057
288953 131.999969482
288953 116.000175476
288946 121.999979019
288946 131.999969482
288946 115.999937057
288940 115.000009537
288940 115.999937057
288928 138.000011444
288922 131.999969482
288922 115.000009537
288895 116.000175476
288883 121.999979019
288879 131.000041962
288879 115.999937057
288879 115.000009537
288843 135.999917984
288773 101.999998093
288773 131.999969482
288773 115.000009537
288773 115.999937057
288773 115.000009537
288734 121.999979019
288728 116.000175476
288728 115.000009537
288728 131.999969482
288679 131.999969482
288679 121.000051498
288643 115.999937057
288643 131.000041962
288643 115.999937057
288595 120.000123978
288552 116.999864578
288522 131.000041962
288513 115.999937057
288510 136.000156403
288510 116.999864578
288510 115.999937057
288508 116.000175476
288496 130.999803543
288492 122.000217438
288492 131.999969482
288479 115.999937057
288479 115.999937057
288479 115.000009537
288479 121.999979019
288479 131.000041962
288438 115.999937057
288438 115.000009537
288438 134.999990463
288437 118.000030518
288437 115.000009537
288388 131.999969482
288382 131.999969482
288371 120.000123978
288343 115.999937057
288343 115.999937057
288343 131.000041962
288343 120.000123978
288343 116.999864578
288311 116.000175476
288305 115.000009537
288305 130.999803543
288270 121.000051498
288235 117.000102997
288228 131.000041962
288228 115.999937057
288223 115.000009537
288223 121.999979019
288205 131.000041962
288202 115.000009537
288193 115.999937057
288114 132.999897003
288114 120.000123978
288111 115.999937057
288111 131.000041962
288106 115.999937057
288106 120.000123978
288106 116.999864578
288102 116.000175476
288102 115.999937057
288081 131.000041962
288081 121.999979019
288081 131.999969482
288067 115.999937057
288067 131.000041962
288067 118.000030518
288062 119.999885559
288055 116.000175476
288053 130.999803543
288009 116.000175476
288009 120.99981308
288006 116.000175476
288006 115.999937057
288006 115.999937057
287976 115.000009537
287976 115.999937057
287976 121.000051498
287976 115.999937057
287976 131.000041962
287952 115.000009537
287921 133.000135422
287921 105.000019073
287841 115.000009537
287828 131.999969482
287823 115.000009537
287823 115.999937057
287794 122.99990654
287794 116.000175476
287794 130.999803543
287794 116.000175476
287757 132.999897003
287757 104.000091553
287757 131.000041962
287757 130.999803543
287675 116.000175476
287633 121.999979019
287613 131.000041962
287570 115.999937057
287569 115.000009537
287569 136.999845505
287569 116.000175476
287569 115.999937057
287569 131.000041962
287569 134.999990463
287549 101.999998093
287549 131.999969482
287549 115.999937057
287549 115.999937057
287528 115.000009537
287475 121.999979019
287462 131.000041962
287462 131.999969482
287444 116.000175476
287435 138.000011444
287378 115.000009537
287378 130.999803543
287378 116.000175476
287346 121.999979019
287310 115.000009537
287237 131.000041962
287213 115.999937057
287176 115.999937057
287176 120.000123978
287173 117.999792099
287173 116.000175476
287173 131.000041962
287101 115.999937057
287076 121.999979019
287066 115.999937057
287062 115.999937057
287061 115.000009537
287061 116.000175476
287048 135.999917984
287048 101.999998093
287024 131.000041962
287024 115.999937057
286978 131.000041962
286972 121.999979019
286949 115.000009537
286906 115.999937057
286906 131.000041962
286906 115.999937057
286898 121.999979019
286898 131.000041962
286898 115.999937057
286898 115.000009537
286898 116.000175476
286894 138.000011444
286878 115.999937057
286878 131.000041962
286871 115.999937057
286871 121.999979019
286871 115.000009537
