MSTweight:8843 23.9999294281
Change data:
8843 12.0000839233
8816 12.0000839233
8816 11.9998455048
8809 12.0000839233
8805 3.99994850159
8738 8.00013542175
8716 7.99989700317
8716 6.99996948242
8706 5.00011444092
8706 3.99994850159
8685 0.0
8685 3.99994850159
8640 3.99994850159
8625 4.00018692017
8611 3.99994850159
8611 3.99994850159
8603 3.99994850159
8603 3.99994850159
8598 4.00018692017
8598 3.99994850159
8598 3.99994850159
8598 3.99994850159
8537 4.00018692017
8537 3.99994850159
8497 3.99994850159
8490 3.99994850159
8490 0.0
8442 3.99994850159
8442 4.00018692017
8420 0.0
8420 3.99994850159
8420 3.99994850159
8417 0.0
8412 3.99994850159
8406 0.0
8391 6.00004196167
8373 0.0
8373 3.00002098083
8365 3.00002098083
8328 2.00009346008
8323 2.99978256226
8267 2.00009346008
8253 2.00009346008
8253 3.99994850159
8253 0.0
8253 3.99994850159
8233 0.0
8220 3.99994850159
8220 4.00018692017
8220 0.0
8220 3.99994850159
8219 0.0
8209 3.99994850159
8160 3.99994850159
8160 0.0
8160 3.99994850159
8159 0.0
8159 4.00018692017
8159 3.99994850159
8159 0.0
8159 3.99994850159
8159 3.99994850159
8130 0.0
8115 3.99994850159
8114 4.00018692017
8108 0.0
8108 3.99994850159
8108 3.00002098083
8108 0.0
8086 3.99994850159
8086 3.99994850159
8086 0.0
8086 3.99994850159
8085 4.00018692017
8085 0.0
8073 3.99994850159
8073 0.0
8073 6.00004196167
8055 1.9998550415
8038 4.00018692017
8038 2.99978256226
8018 2.00009346008
8018 0.0
8018 3.99994850159
7995 4.00018692017
7957 0.0
7957 3.99994850159
7957 0.0
7911 3.99994850159
7905 3.99994850159
7904 0.0
7904 3.99994850159
7903 0.0
7903 4.00018692017
7903 3.99994850159
7903 0.0
7895 3.99994850159
7895 3.99994850159
7895 0.0
7895 3.99994850159
7875 0.0
7867 0.0
7867 3.99994850159
7867 0.0
7815 3.99994850159
7811 3.99994850159
7770 0.0
7770 4.00018692017
7770 3.99994850159
7761 0.0
7753 3.99994850159
7745 0.0
7745 3.99994850159
7700 3.99994850159
7672 0.0
7672 5.00011444092
7672 3.00002098083
7672 1.9998550415
7672 3.00002098083
7672 3.00002098083
7672 2.00009346008
7672 1.9998550415
7672 0.0
7672 4.00018692017
7672 0.0
7657 3.99994850159
7651 3.99994850159
7651 0.0
7644 3.99994850159
7628 4.00018692017
7605 0.0
7605 0.0
7596 3.99994850159
7591 3.99994850159
7584 0.0
7584 3.99994850159
7573 0.0
7573 3.99994850159
7520 4.00018692017
7520 0.0
7520 3.99994850159
7520 0.0
7520 3.99994850159
7515 0.0
7515 3.99994850159
7515 4.00018692017
7515 0.0
7452 3.99994850159
7452 3.99994850159
7416 0.0
7396 3.99994850159
7396 3.99994850159
7396 0.0
7396 4.00018692017
7347 3.99994850159
7342 0.0
7333 4.99987602234
7329 3.00002098083
7326 2.00009346008
7320 3.00002098083
7267 1.9998550415
7267 2.00009346008
7263 3.00002098083
7263 0.0
7263 3.99994850159
7253 3.99994850159
7253 0.0
7252 4.00018692017
7252 0.0
7252 3.99994850159
7251 3.99994850159
7251 0.0
7251 3.99994850159
7251 3.99994850159
7251 0.0
7251 4.00018692017
7250 0.0
7250 3.99994850159
7245 0.0
7242 3.99994850159
7242 0.0
7227 3.99994850159
7227 3.99994850159
7218 0.0
7218 4.00018692017
7218 3.99994850159
7218 0.0
7217 3.99994850159
7183 3.99994850159
7183 4.00018692017
7183 3.99994850159
7183 3.99994850159
7170 3.99994850159
7170 0.0
7161 5.00011444092
7136 3.00002098083
7119 1.9998550415
7104 3.00002098083
7103 2.00009346008
7103 3.00002098083
7103 1.9998550415
7098 0.0
7087 3.99994850159
7087 0.0
7067 4.00018692017
7067 3.99994850159
7041 3.99994850159
7041 0.0
7030 3.99994850159
7030 4.00018692017
7030 0.0
7030 3.99994850159
7030 3.99994850159
7030 0.0
7030 3.99994850159
6993 3.99994850159
6993 0.0
6993 4.00018692017
6993 0.0
6987 3.99994850159
6959 3.99994850159
6959 0.0
6959 3.99994850159
6929 4.00018692017
6926 0.0
6896 7.99989700317
6877 3.99994850159
6843 3.99994850159
6843 0.0
6843 4.00018692017
6843 4.99987602234
6843 3.00002098083
6820 2.00009346008
6820 3.00002098083
6820 1.9998550415
6814 2.00009346008
6811 1.00016593933
6811 0.0
6811 3.99994850159
6811 3.99994850159
6799 0.0
6769 3.99994850159
6769 4.00018692017
6769 0.0
6724 3.99994850159
6724 3.99994850159
6707 0.0
6687 3.99994850159
6644 3.99994850159
6640 0.0
6640 0.0
6633 4.00018692017
6629 3.99994850159
6620 0.0
6615 3.99994850159
6615 3.99994850159
6592 0.0
6591 3.99994850159
6591 4.00018692017
6582 0.0
6573 3.99994850159
6573 0.0
6573 3.99994850159
6564 3.99994850159
6558 0.0
6558 4.00018692017
6532 0.0
6509 3.99994850159
6509 3.99994850159
6509 0.0
6509 3.99994850159
6509 3.99994850159
6503 3.00002098083
6486 2.00009346008
6486 3.00002098083
6424 3.00002098083
6401 0.999927520752
6401 3.99994850159
6376 0.0
6376 4.00018692017
6376 0.0
6376 3.99994850159
6376 3.99994850159
6376 0.0
6376 3.99994850159
6361 3.99994850159
6349 0.0
6349 4.00018692017
6349 0.0
6349 3.99994850159
6299 3.99994850159
6299 0.0
6299 3.99994850159
6291 3.99994850159
6291 0.0
6279 4.00018692017
6279 0.0
6248 3.99994850159
6248 0.0
6248 3.99994850159
6248 0.0
6248 3.99994850159
6220 4.00018692017
6220 0.0
6220 3.99994850159
6219 0.0
6199 3.99994850159
6199 0.0
6199 3.99994850159
6199 3.99994850159
6196 0.0
6191 6.00004196167
6191 3.00002098083
6174 2.00009346008
6174 3.00002098083
6168 1.9998550415
6158 3.00002098083
6122 0.999927520752
6122 0.0
6122 4.00018692017
6114 0.0
6079 4.99987602234
6046 0.0
6026 3.99994850159
6016 3.00002098083
6014 0.0
6014 4.00018692017
6014 3.99994850159
6012 0.0
6010 3.99994850159
6010 3.99994850159
6009 0.0
6008 3.99994850159
6008 0.0
6008 4.00018692017
6008 3.99994850159
6008 0.0
6006 4.99987602234
6006 0.0
6006 4.00018692017
6006 3.00002098083
6006 0.0
6006 3.99994850159
6006 0.0
6006 3.99994850159
6005 4.99987602234
5999 7.000207901
5999 11.9998455048
5999 3.99994850159
5999 4.00018692017
5989 3.00002098083
5978 5.99980354309
5978 8.00013542175
5977 11.9998455048
5973 4.00018692017
5973 3.99994850159
5972 3.99994850159
5972 3.99994850159
5964 4.00018692017
5964 3.99994850159
5961 0.0
5961 3.99994850159
5961 0.0
5949 0.0
5921 3.99994850159
5921 0.0
5921 4.00018692017
5891 3.99994850159
5891 0.0
5891 3.99994850159
5891 3.99994850159
5856 0.0
5856 4.00018692017
5856 4.99987602234
5856 2.00009346008
5856 3.00002098083
5856 1.9998550415
5856 3.00002098083
5856 2.00009346008
5856 3.00002098083
5856 0.0
5854 3.99994850159
5854 0.0
5854 3.99994850159
5839 3.99994850159
5821 3.99994850159
5808 0.0
5782 4.00018692017
5782 3.99994850159
5780 0.0
5780 3.99994850159
5750 3.99994850159
5750 0.0
5750 4.00018692017
5750 0.0
5736 3.99994850159
5727 3.99994850159
5727 0.0
5727 3.99994850159
5727 3.99994850159
5727 0.0
5712 4.00018692017
5712 0.0
5712 3.99994850159
5712 3.99994850159
5712 0.0
5712 3.99994850159
5694 3.99994850159
5673 0.0
5673 4.00018692017
5668 3.99994850159
5657 6.00004196167
5657 1.9998550415
5637 3.00002098083
5631 3.00002098083
5631 3.00002098083
5629 3.00002098083
5624 0.0
5624 3.99994850159
5624 3.99994850159
5624 4.00018692017
5624 0.0
5600 7.99989700317
5590 3.99994850159
5590 0.0
5590 3.99994850159
5590 4.00018692017
5562 3.99994850159
5562 3.99994850159
5562 3.99994850159
5562 0.0
5562 4.00018692017
5551 3.99994850159
5551 0.0
5548 3.99994850159
5548 0.0
5548 3.99994850159
5537 3.00002098083
5537 3.99994850159
5537 4.00018692017
5537 3.99994850159
5537 0.0
5537 3.99994850159
5537 3.99994850159
5537 8.00013542175
5537 3.99994850159
5532 3.00002098083
5532 1.9998550415
5524 4.00018692017
5524 3.99994850159
5524 0.0
5524 0.0
5515 3.99994850159
5509 3.99994850159
5509 3.99994850159
5509 0.0
5509 4.00018692017
5498 3.99994850159
5498 3.99994850159
5497 0.0
5476 3.99994850159
5476 4.00018692017
5474 3.99994850159
5451 3.99994850159
5451 0.0
5451 3.99994850159
5438 3.99994850159
5438 0.0
5427 4.00018692017
5427 3.99994850159
5427 3.99994850159
5427 3.99994850159
5427 0.0
5421 3.99994850159
5421 4.00018692017
5421 4.99987602234
5421 2.99978256226
5413 4.00018692017
5413 1.9998550415
5413 3.99994850159
5406 3.99994850159
5406 3.99994850159
5406 3.99994850159
5406 0.0
5379 4.00018692017
5379 3.99994850159
5379 3.99994850159
5363 3.99994850159
5363 0.0
5302 4.00018692017
5302 3.99994850159
5302 3.99994850159
5302 3.99994850159
5302 3.99994850159
5302 4.00018692017
5302 0.0
5302 3.99994850159
5302 3.99994850159
5302 0.0
5302 3.99994850159
5302 0.0
5284 8.00013542175
5284 3.99994850159
5283 0.0
5283 3.99994850159
5283 6.00004196167
5271 4.99987602234
5271 4.00018692017
5271 3.00002098083
5271 1.9998550415
5271 0.0
5267 3.99994850159
5267 4.00018692017
5195 3.99994850159
5195 0.0
5195 3.99994850159
5195 3.99994850159
5195 0.0
5195 3.99994850159
5195 4.00018692017
5195 3.99994850159
5195 0.0
5195 3.99994850159
5195 3.99994850159
5195 4.00018692017
5195 7.99989700317
5195 3.99994850159
5195 3.99994850159
5195 4.00018692017
5186 3.99994850159
5186 3.99994850159
5186 3.99994850159
5186 4.00018692017
5186 4.99987602234
5186 3.99994850159
5186 3.99994850159
5186 5.00011444092
5179 6.00004196167
5179 0.0
5174 3.99994850159
5155 3.99994850159
5155 3.99994850159
5155 4.00018692017
5146 3.99994850159
5146 3.99994850159
5108 3.99994850159
5108 4.00018692017
5108 3.99994850159
5103 3.99994850159
5096 7.99989700317
5096 4.00018692017
5062 7.99989700317
5060 3.99994850159
5060 0.0
5060 3.99994850159
5055 4.00018692017
5055 3.99994850159
5055 6.99996948242
5050 5.00011444092
5050 2.99978256226
5050 5.00011444092
5050 3.99994850159
5050 3.99994850159
5050 8.00013542175
5050 7.99989700317
5050 3.99994850159
5050 8.00013542175
5050 3.99994850159
5050 3.99994850159
5050 4.00018692017
5050 3.99994850159
5050 3.99994850159
5050 3.99994850159
5050 0.0
5050 3.99994850159
5039 4.00018692017
5039 3.99994850159
5031 7.99989700317
5022 6.00004196167
4999 3.99994850159
4999 8.00013542175
4999 4.99987602234
4999 0.0
4973 4.00018692017
4973 3.99994850159
4962 3.99994850159
4962 7.99989700317
4962 4.00018692017
4962 3.99994850159
4962 3.99994850159
4962 3.99994850159
4962 3.99994850159
4962 8.00013542175
4962 0.0
4958 7.99989700317
4941 4.00018692017
4941 3.99994850159
4941 3.99994850159
4941 3.99994850159
4934 0.0
4934 8.00013542175
4934 7.99989700317
4934 3.99994850159
4919 5.00011444092
4918 3.99994850159
4918 3.99994850159
4918 3.99994850159
4914 8.00013542175
4914 3.99994850159
4879 3.99994850159
4869 4.00018692017
4869 3.99994850159
4869 0.0
4869 7.99989700317
4869 3.99994850159
4869 4.00018692017
4869 3.99994850159
4840 3.99994850159
4840 3.99994850159
4820 8.00013542175
4817 0.0
4817 3.99994850159
4817 3.99994850159
4817 6.00004196167
4817 3.99994850159
4817 6.00004196167
4804 3.99994850159
4801 0.0
4801 0.0
4794 3.99994850159
4794 4.00018692017
4789 3.99994850159
4789 3.99994850159
4789 3.99994850159
4789 0.0
4785 3.99994850159
4785 4.00018692017
4767 3.99994850159
4767 3.99994850159
4765 3.99994850159
4765 4.00018692017
4765 3.99994850159
4765 0.0
4765 3.99994850159
4765 3.99994850159
4763 3.99994850159
4749 4.00018692017
4749 3.99994850159
4744 3.99994850159
4744 3.99994850159
4744 4.00018692017
4731 4.99987602234
4731 3.99994850159
4731 3.00002098083
4731 6.00004196167
4730 2.00009346008
4730 0.0
4728 3.99994850159
4723 3.99994850159
4723 7.99989700317
4723 4.00018692017
4699 3.99994850159
4699 0.0
4699 7.99989700317
4699 4.00018692017
4699 3.99994850159
4699 3.99994850159
4699 3.99994850159
4699 3.99994850159
4699 4.00018692017
4699 3.99994850159
4699 3.99994850159
4688 0.0
4680 3.99994850159
4680 3.99994850159
4667 4.00018692017
4664 3.99994850159
4660 4.99987602234
4660 4.00018692017
4642 3.00002098083
4642 3.99994850159
4642 3.00002098083
4642 3.99994850159
4642 8.00013542175
4634 0.0
4632 3.99994850159
4618 7.99989700317
4618 3.99994850159
4616 4.00018692017
4609 3.99994850159
4609 3.99994850159
4599 3.99994850159
4599 4.00018692017
4599 3.99994850159
4599 3.99994850159
4594 3.99994850159
4594 3.99994850159
4586 4.00018692017
4579 3.99994850159
4579 3.99994850159
4579 3.99994850159
4579 4.00018692017
4579 5.99980354309
4579 3.00002098083
4558 3.99994850159
4558 3.00002098083
4558 4.00018692017
4558 3.99994850159
4558 3.99994850159
4541 3.99994850159
4541 8.00013542175
4541 3.99994850159
4541 3.99994850159
4541 0.0
4541 0.0
4541 3.99994850159
4541 4.00018692017
4539 3.99994850159
4539 3.99994850159
4539 3.99994850159
4524 0.0
4503 3.99994850159
4478 4.00018692017
4478 3.99994850159
4478 3.99994850159
4459 3.99994850159
4459 3.99994850159
4459 4.00018692017
4459 3.99994850159
4459 3.00002098083
4452 3.00002098083
4450 3.99994850159
4450 3.00002098083
4450 3.00002098083
4449 3.99994850159
4449 0.0
4449 3.99994850159
4449 3.99994850159
4417 4.00018692017
4417 3.99994850159
4417 3.99994850159
4417 3.99994850159
4417 4.00018692017
4417 0.0
4417 3.99994850159
4417 3.99994850159
4417 3.99994850159
4417 3.99994850159
4417 0.0
4405 4.00018692017
4405 3.99994850159
4405 3.99994850159
4405 3.99994850159
4405 0.0
4405 3.99994850159
4405 4.00018692017
4405 3.99994850159
4404 3.99994850159
4404 5.00011444092
4404 3.00002098083
4404 2.99978256226
4404 3.00002098083
4404 3.00002098083
4404 3.00002098083
4404 0.0
4404 3.99994850159
4404 4.00018692017
4398 3.99994850159
4394 3.99994850159
4394 0.0
4394 3.99994850159
4394 3.99994850159
4394 4.00018692017
4394 3.99994850159
4394 0.0
4394 3.99994850159
4394 3.99994850159
4394 4.00018692017
4394 3.99994850159
4382 3.99994850159
4382 0.0
4382 3.99994850159
4382 3.99994850159
4379 4.00018692017
4379 3.99994850159
4379 0.0
4379 3.99994850159
4379 3.99994850159
4379 4.00018692017
4379 4.99987602234
4379 3.99994850159
4379 3.00002098083
4379 0.999927520752
4379 3.00002098083
4379 3.00002098083
4379 0.0
4379 3.99994850159
4371 3.99994850159
4371 3.99994850159
4371 3.99994850159
4371 4.00018692017
4371 0.0
4363 3.99994850159
4363 3.99994850159
4363 3.99994850159
4363 4.00018692017
4363 3.99994850159
4363 3.99994850159
4363 0.0
4363 3.99994850159
4363 0.0
4363 3.99994850159
4360 4.00018692017
4360 3.99994850159
4355 3.99994850159
4355 0.0
4352 3.99994850159
4352 0.0
4352 3.99994850159
4352 4.00018692017
4343 3.99994850159
4337 3.99994850159
4334 3.99994850159
4334 4.00018692017
4334 2.99978256226
4320 4.00018692017
4320 0.999927520752
4320 3.99994850159
4320 3.99994850159
4320 8.00013542175
4320 3.99994850159
4320 3.99994850159
4316 3.99994850159
4316 4.00018692017
4316 3.99994850159
4316 3.99994850159
4316 3.99994850159
4316 0.0
4316 4.00018692017
4316 3.99994850159
4308 0.0
4305 3.99994850159
4298 3.99994850159
4267 0.0
4267 3.99994850159
4267 4.00018692017
4267 3.99994850159
4267 3.99994850159
4267 3.99994850159
4267 6.00004196167
4267 0.999927520752
4262 3.00002098083
4262 3.00002098083
4255 2.00009346008
4255 3.00002098083
4255 1.9998550415
4240 4.00018692017
4240 0.0
4240 3.99994850159
4240 3.99994850159
4240 3.99994850159
4240 3.99994850159
4240 4.00018692017
4240 0.0
4239 3.99994850159
4239 3.99994850159
4239 3.99994850159
4239 4.00018692017
4239 3.99994850159
4239 3.99994850159
4239 3.99994850159
4239 0.0
4239 3.99994850159
4239 4.00018692017
4239 3.99994850159
4217 3.99994850159
4217 3.99994850159
4217 3.99994850159
4210 4.00018692017
4205 0.0
4191 6.99996948242
4167 3.99994850159
4167 3.99994850159
4167 3.00002098083
4167 3.00002098083
4167 0.0
4166 3.99994850159
4166 4.00018692017
4166 3.99994850159
4166 3.99994850159
4166 3.99994850159
4160 0.0
4160 3.99994850159
4160 4.00018692017
4160 3.99994850159
4160 0.0
4160 3.99994850159
4160 3.99994850159
4160 3.99994850159
4160 4.00018692017
4160 3.99994850159
4160 3.99994850159
4160 0.0
4160 3.99994850159
4160 4.00018692017
4157 3.99994850159
4157 3.99994850159
4157 3.99994850159
4132 3.99994850159
4124 4.00018692017
4124 3.00002098083
4124 2.99978256226
4124 4.00018692017
4123 3.99994850159
4119 0.999927520752
4118 3.99994850159
4118 4.00018692017
4118 3.99994850159
4118 3.99994850159
4118 0.0
4118 3.99994850159
4118 3.99994850159
4118 4.00018692017
4118 3.99994850159
4118 3.99994850159
4118 3.99994850159
4118 0.0
4118 4.00018692017
4118 3.99994850159
4116 3.99994850159
4104 3.99994850159
4104 3.99994850159
4104 4.00018692017
4104 0.0
4104 3.99994850159
4104 3.99994850159
4104 3.99994850159
4104 4.00018692017
4104 3.99994850159
4104 6.99996948242
4104 3.00002098083
4092 4.99987602234
4092 2.00009346008
4092 3.99994850159
4049 3.99994850159
4049 4.00018692017
4049 3.99994850159
4049 0.0
4049 3.99994850159
4049 3.99994850159
4036 3.99994850159
4036 4.00018692017
4036 3.99994850159
4036 3.99994850159
4031 3.99994850159
4010 0.0
4010 4.00018692017
4010 3.99994850159
3976 3.99994850159
3975 0.0
3975 3.99994850159
3975 4.00018692017
3975 3.99994850159
3970 0.0
3970 3.99994850159
3970 3.99994850159
3955 0.0
3955 8.00013542175
3955 4.99987602234
3945 3.00002098083
3945 3.00002098083
3945 0.999927520752
3945 4.00018692017
3938 3.99994850159
3938 3.99994850159
3936 0.0
3936 3.99994850159
3933 3.99994850159
3910 4.00018692017
3910 3.99994850159
3890 3.99994850159
3890 3.99994850159
3878 0.0
3878 3.99994850159
3862 4.00018692017
3851 3.99994850159
3851 3.99994850159
3851 0.0
3851 3.99994850159
3851 4.00018692017
3851 3.99994850159
3851 1.9998550415
3851 4.00018692017
3851 3.99994850159
3851 0.0
3844 3.99994850159
3844 3.99994850159
3844 5.00011444092
3844 4.99987602234
3844 3.99994850159
