MSTweight:1044 3.99994850159
Change data:
1044 4.99987602234
1019 2.00009346008
959 2.00009346008
959 0.999927520752
946 0.999927520752
937 6.00004196167
931 2.00009346008
931 0.999927520752
929 1.00016593933
929 1.9998550415
899 1.00016593933
899 0.999927520752
890 0.999927520752
890 0.999927520752
863 3.00002098083
863 1.00016593933
863 1.9998550415
863 1.00016593933
843 0.999927520752
843 0.999927520752
843 1.00016593933
843 0.999927520752
843 0.999927520752
843 2.00009346008
824 0.999927520752
824 1.00016593933
813 1.9998550415
751 2.00009346008
745 0.999927520752
745 2.00009346008
745 0.999927520752
745 0.999927520752
743 1.00016593933
743 0.0
743 0.0
743 0.999927520752
733 1.00016593933
733 0.999927520752
733 0.0
700 0.999927520752
673 1.00016593933
673 0.999927520752
673 0.0
664 0.999927520752
664 2.00009346008
664 0.999927520752
664 0.0
664 0.0
660 2.00009346008
660 0.0
660 0.999927520752
660 1.00016593933
654 0.999927520752
634 0.0
634 0.0
617 0.999927520752
592 1.00016593933
581 0.999927520752
578 0.0
578 0.999927520752
578 1.00016593933
566 0.999927520752
548 0.0
548 1.00016593933
548 0.999927520752
548 0.999927520752
548 1.00016593933
548 0.0
548 0.999927520752
548 0.999927520752
548 1.00016593933
548 0.0
548 0.0
541 0.999927520752
533 0.999927520752
533 1.00016593933
527 0.999927520752
514 0.0
514 0.0
512 1.00016593933
512 0.0
512 0.999927520752
512 0.0
512 0.999927520752
512 0.999927520752
512 0.0
512 1.00016593933
511 0.999927520752
510 0.0
507 3.00002098083
506 0.999927520752
506 1.00016593933
506 0.999927520752
506 0.0
506 0.999927520752
506 1.00016593933
506 0.0
506 0.0
497 0.999927520752
497 0.0
497 0.999927520752
497 1.00016593933
497 0.999927520752
497 0.0
497 0.999927520752
497 1.00016593933
497 0.999927520752
486 0.999927520752
486 0.0
486 2.00009346008
486 0.999927520752
486 0.999927520752
486 1.00016593933
486 0.999927520752
486 0.999927520752
486 1.00016593933
486 0.999927520752
486 0.0
486 0.0
486 0.999927520752
486 1.00016593933
486 0.0
486 0.999927520752
486 0.999927520752
482 0.999927520752
482 1.00016593933
482 0.0
482 0.0
477 0.999927520752
452 1.00016593933
452 2.00009346008
451 0.999927520752
451 0.0
451 0.999927520752
451 1.00016593933
451 0.999927520752
451 0.999927520752
441 0.0
436 1.00016593933
436 0.999927520752
430 0.0
430 0.0
430 0.999927520752
430 0.0
430 1.00016593933
428 0.999927520752
428 0.0
424 0.999927520752
423 0.0
403 0.0
403 1.00016593933
403 0.0
403 0.0
403 0.999927520752
390 0.0
390 0.999927520752
389 0.0
389 0.999927520752
388 0.0
388 1.00016593933
388 0.0
388 0.999927520752
388 0.0
388 0.0
388 0.0
386 0.0
386 0.999927520752
386 0.0
386 0.0
385 1.00016593933
384 0.0
384 0.0
384 0.999927520752
384 0.0
384 0.0
384 0.0
384 0.999927520752
384 0.0
384 0.0
384 0.0
382 1.00016593933
382 0.0
382 0.0
379 0.0
379 0.999927520752
379 0.0
379 0.0
379 0.999927520752
373 0.0
373 0.0
370 0.0
370 1.00016593933
370 0.0
370 0.0
368 0.999927520752
368 0.0
368 0.0
368 0.999927520752
368 0.0
362 0.0
362 0.0
357 0.999927520752
357 0.0
357 0.0
357 1.00016593933
357 0.0
357 0.0
357 0.0
357 0.999927520752
357 0.0
357 0.0
357 0.999927520752
357 0.0
357 0.0
357 1.00016593933
357 0.0
357 0.0
357 0.0
354 0.999927520752
354 0.0
354 0.0
354 0.999927520752
354 0.0
354 0.0
354 1.00016593933
354 0.0
351 0.0
351 0.0
351 0.999927520752
351 0.0
351 0.0
349 0.0
349 0.0
349 0.0
349 0.999927520752
349 0.0
349 0.0
349 0.0
349 1.00016593933
349 0.0
349 0.0
349 0.999927520752
349 0.0
341 0.0
341 0.999927520752
341 0.0
329 0.0
317 1.00016593933
317 0.0
317 0.999927520752
317 0.0
317 0.999927520752
317 0.0
317 0.0
317 1.00016593933
304 0.0
304 0.0
304 0.0
304 0.999927520752
304 0.0
304 0.0
304 0.0
304 0.0
302 0.0
302 0.999927520752
302 0.0
294 0.0
294 1.00016593933
294 0.0
294 0.999927520752
294 0.0
292 0.0
292 0.999927520752
292 0.0
292 0.0
289 1.00016593933
289 0.0
289 0.0
289 0.0
289 0.999927520752
289 0.0
289 0.0
289 0.0
289 0.999927520752
283 0.0
277 0.0
277 1.00016593933
277 0.0
277 0.0
275 0.999927520752
275 0.0
275 0.0
275 0.999927520752
275 0.0
275 0.0
275 0.0
272 1.00016593933
272 0.0
272 0.0
272 0.999927520752
272 0.0
265 0.0
265 0.0
265 0.999927520752
265 0.0
263 0.0
263 0.999927520752
263 0.0
263 0.0
263 0.0
263 1.00016593933
262 0.0
253 0.0
253 0.0
247 0.999927520752
247 0.0
242 0.0
242 0.0
242 0.999927520752
242 0.0
241 0.0
241 1.00016593933
241 0.0
241 0.0
241 0.999927520752
241 0.0
241 0.999927520752
241 2.00009346008
241 0.999927520752
241 0.0
241 0.0
241 0.0
241 1.00016593933
241 0.0
241 0.999927520752
241 0.0
241 0.0
241 0.999927520752
241 0.0
241 0.0
241 0.999927520752
241 0.0
241 0.0
241 0.0
241 1.00016593933
241 0.0
241 0.0
241 0.999927520752
241 0.0
241 0.0
241 0.999927520752
241 0.0
241 0.0
240 0.0
240 1.00016593933
240 0.0
240 0.0
240 0.0
240 0.999927520752
240 0.0
240 0.0
240 0.0
236 0.0
236 0.0
236 0.0
236 1.00016593933
236 0.0
236 0.0
236 0.999927520752
236 0.0
235 0.0
235 0.0
235 0.999927520752
235 0.999927520752
235 2.00009346008
235 0.0
235 0.0
235 0.999927520752
235 0.0
233 1.00016593933
233 0.0
233 0.0
233 0.999927520752
233 0.0
233 0.0
233 0.0
233 0.999927520752
233 0.0
233 0.0
233 1.00016593933
233 0.0
233 0.0
233 0.0
233 0.0
233 0.0
233 0.999927520752
233 0.0
233 0.0
233 0.0
233 0.999927520752
227 0.0
227 0.0
222 0.0
222 0.0
222 0.0
222 0.0
218 0.0
218 0.999927520752
218 0.0
216 0.0
216 0.999927520752
213 0.0
213 0.0
213 0.999927520752
213 0.0
213 0.0
213 0.0
213 1.00016593933
213 0.0
213 0.0
213 0.999927520752
213 0.0
213 0.0
213 0.0
213 0.999927520752
213 0.0
213 1.00016593933
213 0.0
206 0.999927520752
206 0.999927520752
199 0.0
199 0.0
199 0.0
199 1.00016593933
199 0.0
199 0.0
199 0.999927520752
199 0.0
197 0.0
196 0.999927520752
196 0.0
196 0.0
196 0.0
196 0.999927520752
196 0.0
196 0.0
196 1.00016593933
196 0.0
196 0.0
196 0.0
196 0.999927520752
196 0.0
194 0.0
194 0.999927520752
194 0.0
194 0.0
194 1.00016593933
194 0.0
194 0.0
194 0.0
194 0.0
194 0.0
194 0.0
194 0.999927520752
194 0.0
194 0.0
194 1.00016593933
194 0.0
194 0.0
194 0.0
194 0.999927520752
194 0.0
194 0.0
194 0.999927520752
194 0.0
194 0.0
194 0.0
194 0.999927520752
194 0.0
194 0.0
194 1.00016593933
194 0.0
194 0.0
194 0.0
194 0.999927520752
194 0.0
194 0.0
194 0.0
192 1.00016593933
192 0.0
192 0.0
192 0.0
192 0.999927520752
192 0.0
192 0.0
192 0.999927520752
192 0.0
192 0.0
192 0.0
192 0.0
192 1.00016593933
192 0.0
192 0.0
192 0.999927520752
192 0.0
192 0.0
192 0.0
192 0.999927520752
192 0.0
192 0.0
191 0.0
191 1.00016593933
191 0.0
191 0.0
191 0.999927520752
191 0.0
191 0.0
191 0.0
191 0.999927520752
191 0.0
191 0.0
191 0.999927520752
191 0.0
191 0.0
191 1.00016593933
191 0.0
191 0.0
191 0.0
182 0.999927520752
182 0.999927520752
182 0.0
182 0.0
182 0.0
182 0.0
182 1.00016593933
182 0.0
182 0.0
182 0.999927520752
182 0.0
181 0.0
181 1.00016593933
181 0.0
181 0.0
181 0.999927520752
181 0.0
181 0.0
181 0.999927520752
181 0.0
181 0.0
181 0.999927520752
181 0.0
181 0.0
173 1.00016593933
173 0.0
173 0.0
173 0.999927520752
173 0.0
173 0.0
173 0.999927520752
173 0.0
173 0.0
173 1.00016593933
173 0.0
173 0.999927520752
173 0.0
173 0.0
173 0.999927520752
173 0.0
173 0.0
173 1.00016593933
173 0.0
173 0.0
173 0.0
173 0.0
173 0.999927520752
173 0.0
173 0.0
172 0.0
171 0.999927520752
171 0.0
171 0.0
171 1.00016593933
171 0.0
171 0.0
171 0.999927520752
171 0.0
171 0.0
171 0.999927520752
171 0.0
171 0.999927520752
171 0.0
171 0.0
171 0.0
171 0.0
171 0.0
171 0.999927520752
171 0.0
171 0.0
170 0.999927520752
170 0.0
170 1.00016593933
170 0.0
170 0.0
170 0.999927520752
170 0.0
170 0.0
170 0.0
170 0.999927520752
167 0.0
165 0.0
165 1.00016593933
165 0.0
165 0.0
165 0.0
165 0.0
165 0.999927520752
163 0.0
163 0.0
163 0.999927520752
163 0.0
163 0.0
163 0.999927520752
163 0.0
163 0.0
163 0.0
161 0.0
161 0.0
161 0.0
161 0.0
161 0.0
161 0.0
161 0.999927520752
161 0.0
161 0.0
161 0.0
161 0.999927520752
143 0.0
143 0.0
143 0.0
143 1.00016593933
143 0.0
143 0.0
143 0.0
143 0.999927520752
143 0.0
142 0.0
142 0.999927520752
141 0.0
141 0.0
141 1.00016593933
141 0.0
141 0.0
141 1.9998550415
141 1.00016593933
141 0.0
141 0.0
141 0.999927520752
141 0.0
141 0.0
141 0.0
141 0.999927520752
141 0.0
141 0.0
141 0.999927520752
141 0.0
141 0.0
141 0.0
141 1.00016593933
141 0.0
141 0.0
141 0.999927520752
139 0.0
139 0.0
139 0.999927520752
139 0.0
139 0.0
139 0.0
139 1.00016593933
136 0.0
136 0.0
136 0.999927520752
136 0.0
136 0.0
130 0.999927520752
130 0.0
130 0.0
130 0.0
130 1.00016593933
130 0.0
130 0.0
130 0.999927520752
130 0.0
130 0.0
130 0.0
130 0.999927520752
130 0.0
130 0.0
130 0.0
130 0.999927520752
130 0.0
130 0.0
130 1.00016593933
130 0.0
130 0.0
130 0.999927520752
130 0.0
130 0.0
130 0.0
130 0.0
130 0.999927520752
130 0.0
130 0.0
130 0.0
130 0.999927520752
130 0.0
130 0.0
130 1.00016593933
130 0.0
130 0.0
130 0.0
128 0.999927520752
128 0.0
128 0.0
128 0.0
128 0.0
128 0.0
128 0.0
128 1.00016593933
128 0.0
128 0.0
128 0.0
128 0.999927520752
128 0.0
128 0.0
128 0.0
128 0.999927520752
128 0.0
128 0.0
128 0.0
128 0.0
128 0.0
128 0.0
128 0.0
128 1.00016593933
128 0.0
128 0.0
128 0.999927520752
128 0.0
128 0.0
128 0.999927520752
128 0.0
128 0.0
128 0.0
127 1.00016593933
127 0.0
127 0.0
127 0.0
127 0.999927520752
127 0.0
127 0.0
127 0.0
127 0.999927520752
127 0.0
127 1.00016593933
127 0.999927520752
127 0.0
127 0.999927520752
127 0.0
127 0.0
127 0.0
127 0.999927520752
127 0.0
127 0.0
127 0.0
127 1.00016593933
127 0.0
127 0.0
127 0.0
127 0.999927520752
127 0.0
127 0.0
127 0.999927520752
127 0.0
127 0.0
127 0.0
127 1.00016593933
127 0.0
127 0.0
127 0.0
127 0.999927520752
127 0.0
127 0.0
127 0.999927520752
127 0.0
127 0.0
127 1.00016593933
127 0.0
127 0.0
127 0.999927520752
127 0.0
127 0.0
127 0.999927520752
127 0.0
127 0.0
127 1.00016593933
127 0.0
127 0.0
126 0.0
126 0.999927520752
126 0.0
126 0.0
126 0.999927520752
126 0.0
126 0.0
126 0.0
126 0.999927520752
126 0.0
126 0.0
126 1.00016593933
126 0.0
126 0.999927520752
126 0.999927520752
126 0.0
126 0.0
126 1.00016593933
126 0.0
126 0.0
126 0.999927520752
126 0.0
126 0.0
126 0.0
126 0.999927520752
126 0.0
126 0.0
126 1.00016593933
126 0.0
126 0.0
126 0.0
126 0.999927520752
126 0.0
125 0.0
125 0.999927520752
123 0.0
123 0.0
123 0.999927520752
123 0.0
123 0.0
123 0.0
123 1.00016593933
123 0.0
123 0.0
123 0.999927520752
121 0.0
121 0.0
121 0.0
121 0.999927520752
121 0.0
121 0.0
121 0.0
121 0.0
121 1.00016593933
121 0.0
121 0.0
121 0.999927520752
121 0.0
121 0.0
121 0.0
121 0.999927520752
121 0.0
121 0.0
121 1.00016593933
121 0.0
121 0.999927520752
121 0.0
119 0.0
119 0.0
119 0.0
119 0.0
118 0.999927520752
118 0.0
117 0.0
117 1.00016593933
117 0.0
117 0.0
117 0.0
117 0.999927520752
117 0.0
117 0.0
117 0.999927520752
117 0.0
117 0.0
117 0.0
117 1.00016593933
117 0.0
117 0.0
117 0.999927520752
117 0.0
117 0.0
117 0.0
117 0.999927520752
117 0.0
117 0.0
117 0.0
117 1.00016593933
117 0.0
117 0.0
117 0.999927520752
117 0.0
117 0.0
117 0.0
117 0.999927520752
117 0.0
117 0.0
117 0.0
116 1.00016593933
116 0.0
116 0.0
116 0.999927520752
116 0.0
116 0.0
116 0.999927520752
116 0.0
116 0.0
116 0.0
116 0.0
116 0.999927520752
116 0.0
116 0.0
116 1.00016593933
116 0.0
116 0.0
116 0.999927520752
116 0.0
116 0.0
116 0.999927520752
116 1.00016593933
116 0.0
116 0.0
116 0.999927520752
116 0.0
116 0.999927520752
116 0.0
116 1.00016593933
116 0.0
116 0.999927520752
116 0.0
116 0.999927520752
116 0.0
116 0.0
114 0.999927520752
114 0.0
114 0.0
114 0.0
114 1.00016593933
114 0.0
114 0.0
114 0.0
113 0.999927520752
113 0.0
113 0.0
113 0.0
113 0.999927520752
113 0.0
113 0.0
113 1.00016593933
113 0.0
113 0.0
113 0.0
113 0.999927520752
113 0.0
113 0.0
113 0.999927520752
113 0.0
113 0.0
113 1.00016593933
113 0.0
113 0.0
113 0.999927520752
113 0.0
113 0.0
113 0.0
113 0.999927520752
113 0.0
113 0.0
113 0.0
113 1.00016593933
113 0.0
113 0.999927520752
113 0.0
113 0.0
113 0.999927520752
113 0.0
113 1.00016593933
113 0.0
113 0.0
113 0.999927520752
113 0.0
113 0.0
113 0.999927520752
113 0.0
