MSTweight:595477 14802.0000458
Change data:
595477 278.99980545
595477 322.000026703
595475 354.000091553
595475 320.999860764
595473 320.000171661
595471 259.999990463
595429 259.999990463
595429 271.999835968
595397 244.000196457
595391 268.999814987
595388 248.000144958
595381 256.000041962
595381 259.000062943
595378 251.999855042
595375 264.000177383
595375 268.999814987
595375 256.999969482
595372 239.000082016
595356 247.99990654
595356 260.999917984
595309 259.999990463
595309 263.999938965
595282 276.000022888
595282 272.000074387
595236 256.000041962
595230 260.999917984
595230 279.99997139
595212 351.999998093
595212 299.999952316
595212 372.000217438
595211 246.999979019
595208 269.999980927
595205 267.999887466
595205 281.000137329
595181 250.999927521
595162 269.000053406
595155 263.000011444
595155 268.999814987
595130 317.000150681
595087 253.000020981
595054 246.999979019
595054 237.999916077
594981 278.000116348
594981 237.999916077
594955 246.999979019
594946 253.000020981
594941 262.000083923
594852 253.999948502
594852 246.000051498
594835 253.999948502
594771 269.000053406
594771 246.999979019
594759 253.000020981
594719 246.999979019
594718 253.000020981
594713 246.999979019
594693 269.999980927
594669 277.99987793
594669 238.000154495
594667 246.999979019
594642 253.000020981
594642 247.99990654
594632 236.999988556
594632 263.000011444
594554 237.999916077
594553 282.999992371
594553 234.000205994
594553 230.999946594
594553 253.000020981
594553 247.99990654
594553 253.000020981
594552 230.999946594
594552 230.999946594
594546 269.000053406
594546 232.000112534
594484 253.000020981
594484 246.999979019
594484 253.000020981
594484 264.999866486
594423 251.000165939
594423 253.999948502
594396 246.999979019
594396 269.000053406
594396 263.000011444
594346 253.999948502
594318 246.000051498
594318 253.999948502
594318 246.999979019
594277 267.999887466
594252 250.0
594252 232.999801636
594252 247.000217438
594252 237.999916077
594231 246.999979019
594196 239.000082016
594196 246.999979019
594168 253.000020981
594167 278.99980545
594132 253.000020981
594132 248.000144958
594118 237.999916077
594053 246.999979019
594046 253.000020981
594046 263.000011444
594036 253.999948502
594034 246.999979019
594024 238.000154495
594024 261.999845505
594024 284.00015831
594010 253.999948502
593971 230.999946594
593971 253.999948502
593946 248.000144958
593927 269.000053406
593927 246.999979019
593915 237.999916077
593913 246.999979019
593884 255.000114441
593884 246.999979019
593884 284.999847412
593884 285.000085831
593884 263.000011444
593869 253.000020981
593858 246.999979019
593858 237.999916077
593815 299.999952316
593815 264.000177383
593808 253.000020981
593796 246.999979019
593753 253.999948502
593705 246.999979019
593665 253.999948502
593653 269.000053406
593653 263.000011444
593596 253.999948502
593596 232.000112534
593585 268.999814987
593585 247.000217438
593559 300.999879837
593545 236.999988556
593545 246.999979019
593545 253.999948502
593512 247.000217438
593512 252.999782562
593506 263.000011444
593506 253.000020981
593506 248.000144958
593493 253.000020981
593492 280.999898911
593492 250.999927521
593439 252.00009346
593404 247.99990654
593388 231.000185013
593388 237.999916077
593388 231.999874115
593388 301.000118256
593360 253.000020981
593323 247.99990654
593277 253.999948502
593260 262.000083923
593233 253.000020981
593233 232.000112534
593233 253.999948502
593233 246.999979019
593233 251.999855042
593193 248.000144958
593147 253.999948502
593136 279.000043869
593125 269.000053406
593125 253.000020981
593114 263.999938965
593108 299.999952316
593099 253.999948502
593071 246.999979019
593071 238.000154495
593071 246.999979019
593026 253.000020981
593013 277.99987793
593011 238.000154495
592997 263.999938965
592997 253.000020981
592997 247.99990654
592997 338.000059128
592984 246.999979019
592984 286.000013351
592984 283.999919891
592984 232.000112534
592976 269.000053406
592968 246.999979019
592951 253.000020981
592942 300.999879837
592932 232.000112534
592874 236.999988556
592874 230.999946594
592874 269.000053406
592856 277.99987793
592810 269.000053406
592773 283.999919891
592746 269.000053406
592746 246.999979019
592746 250.0
592720 250.999927521
592698 251.000165939
592698 248.999834061
592660 254.00018692
592651 246.999979019
592651 251.999855042
592606 233.000040054
592606 283.999919891
592606 232.000112534
592603 253.000020981
592603 277.99987793
592603 254.00018692
592558 247.99990654
592558 269.000053406
592527 269.999980927
592521 246.999979019
592504 236.999988556
592504 247.99990654
592495 284.00015831
592460 246.999979019
592439 283.999919891
592388 238.000154495
592334 246.999979019
592334 268.999814987
592334 263.000011444
592334 253.000020981
592322 269.000053406
592322 246.999979019
592322 232.000112534
592322 236.999988556
592322 263.000011444
592288 269.999980927
592241 250.999927521
592241 247.99990654
592176 253.000020981
592176 248.000144958
592176 253.000020981
592147 246.999979019
592147 247.99990654
592086 253.000020981
592058 252.00009346
592058 277.99987793
592058 253.000020981
592006 246.999979019
591958 239.000082016
591947 261.999845505
591930 238.000154495
591914 247.99990654
591914 253.000020981
591894 248.000144958
591852 236.999988556
591852 246.999979019
591848 250.999927521
591792 250.0
591792 269.999980927
591768 246.999979019
591746 253.999948502
591746 262.000083923
591735 338.999986649
591724 280.999898911
591724 236.000061035
591724 246.999979019
591708 254.00018692
591695 246.999979019
591695 253.999948502
591666 246.999979019
591659 253.999948502
591659 269.999980927
591659 299.000024796
591659 233.000040054
591650 247.99990654
591595 253.000020981
591595 285.000085831
591576 263.000011444
591558 253.000020981
591533 269.000053406
591533 247.99990654
591514 315.999984741
591514 267.999887466
591514 247.000217438
591514 268.999814987
591514 286.000013351
591514 284.00015831
591514 263.000011444
591465 268.999814987
591457 254.00018692
591457 261.999845505
591442 269.000053406
591387 230.999946594
591311 238.000154495
591311 262.999773026
591311 253.000020981
591310 231.000185013
591310 253.999948502
591310 263.000011444
591310 251.999855042
591290 246.999979019
591290 253.000020981
591288 232.000112534
591284 253.999948502
591284 278.000116348
591277 253.999948502
591277 247.99990654
591277 253.000020981
591277 248.000144958
591275 252.999782562
591275 247.000217438
591275 268.999814987
591275 268.000125885
591247 263.000011444
591247 253.000020981
591179 266.000032425
591169 250.0
591169 230.999946594
591151 269.000053406
591089 253.999948502
591003 246.999979019
591003 253.999948502
591003 262.000083923
590992 253.000020981
590974 246.999979019
590921 253.999948502
590911 283.999919891
590911 279.000043869
590911 269.000053406
590898 283.999919891
590898 301.000118256
590898 283.999919891
590847 332.000017166
590847 315.00005722
590788 268.999814987
590788 247.000217438
590779 253.999948502
590754 264.999866486
590754 235.000133514
590754 247.99990654
590734 253.000020981
590734 246.999979019
590706 253.999948502
590706 269.000053406
590706 278.000116348
590706 269.999980927
590700 284.999847412
590700 231.000185013
590684 314.999818802
590680 354.000091553
590680 269.000053406
590679 246.999979019
590679 253.999948502
590632 262.000083923
590600 237.999916077
590590 263.000011444
590577 253.000020981
590572 362.999916077
590572 322.999954224
590572 299.000024796
590534 265.000104904
590522 283.999919891
590522 253.999948502
590522 278.000116348
590514 269.999980927
590514 268.000125885
590468 286.000013351
590451 246.999979019
590451 253.000020981
590451 232.999801636
590419 248.000144958
590397 237.999916077
590387 246.999979019
590331 284.999847412
590290 238.000154495
590290 246.999979019
590290 253.999948502
590290 278.000116348
590290 238.999843597
590290 278.000116348
590290 236.999988556
590290 246.999979019
590290 368.999958038
590290 315.999984741
590271 286.000013351
590271 253.000020981
590255 263.999938965
590173 269.000053406
590160 269.000053406
590149 263.999938965
590134 253.000020981
590120 262.000083923
590120 268.999814987
590120 253.000020981
590115 263.000011444
590115 269.000053406
590115 246.999979019
590115 253.999948502
590105 246.999979019
590082 254.00018692
590082 315.999984741
590082 253.000020981
590082 247.99990654
590053 253.000020981
590022 247.99990654
589966 253.000020981
589966 246.000051498
589932 253.999948502
589929 263.000011444
589907 253.999948502
589907 262.000083923
589906 253.999948502
589906 315.999984741
589857 269.999980927
589833 331.000089645
589833 269.000053406
589745 263.000011444
589733 267.999887466
589729 255.000114441
589695 230.999946594
589689 247.99990654
589689 285.000085831
589689 237.999916077
589689 262.000083923
589689 237.999916077
589689 246.999979019
589684 254.00018692
589684 246.999979019
589666 231.999874115
589666 253.999948502
589660 247.000217438
589660 238.999843597
589660 246.999979019
589660 252.00009346
589660 263.000011444
589618 253.999948502
589618 246.999979019
589601 253.999948502
589568 246.999979019
589568 253.000020981
589545 231.000185013
589477 268.999814987
589477 246.000051498
589429 239.000082016
589429 246.999979019
589429 285.000085831
589406 230.999946594
589406 269.999980927
589406 253.000020981
589338 263.000011444
589338 253.000020981
589335 246.999979019
589322 253.000020981
589322 263.000011444
589322 237.999916077
589256 263.000011444
589247 283.999919891
589226 269.000053406
589226 266.999959946
589226 249.000072479
589188 253.999948502
589187 246.999979019
589179 254.00018692
589166 230.999946594
589160 246.999979019
589160 239.000082016
589143 283.999919891
589143 277.99987793
589136 253.000020981
589122 264.000177383
589107 266.999959946
589068 253.000020981
589062 263.000011444
589062 267.999887466
589059 253.000020981
589059 263.000011444
589051 237.999916077
589051 246.999979019
589032 253.000020981
589032 246.000051498
588965 253.999948502
588965 246.999979019
588957 269.000053406
588921 246.999979019
588912 269.000053406
588912 247.99990654
588880 285.000085831
588799 299.999952316
588799 384.999990463
588755 251.000165939
588750 233.999967575
588739 264.999866486
588737 236.000061035
588737 269.000053406
588706 299.999952316
588706 279.000043869
588706 269.000053406
588674 286.000013351
588674 283.999919891
588618 280.999898911
588618 267.000198364
588618 284.999847412
588618 269.999980927
588618 284.00015831
588618 263.000011444
588618 237.999916077
588605 247.99990654
588605 269.999980927
588605 231.000185013
588596 253.999948502
588596 261.999845505
588562 238.000154495
588562 247.99990654
588562 230.999946594
588562 254.00018692
588559 246.999979019
588559 282.999992371
588559 253.999948502
588533 246.999979019
588533 237.999916077
588533 248.000144958
588525 253.000020981
588521 231.999874115
588520 246.999979019
588511 254.00018692
588511 231.999874115
588477 237.999916077
588477 232.000112534
588477 246.999979019
588477 222.00012207
588464 261.999845505
588447 253.999948502
588423 263.000011444
588423 254.00018692
588417 263.999938965
588417 251.999855042
588417 268.000125885
588386 263.000011444
588386 253.000020981
588351 283.999919891
588351 263.000011444
588316 253.000020981
588298 269.999980927
588255 246.999979019
588255 253.000020981
588253 230.999946594
588253 232.000112534
588253 253.999948502
588253 263.000011444
588251 285.000085831
588213 253.999948502
588193 404.000043869
588177 296.000003815
588177 246.999979019
588177 253.999948502
588123 283.999919891
588112 315.999984741
588101 248.000144958
588101 253.000020981
588101 231.999874115
588101 269.999980927
588101 263.000011444
588101 253.000020981
588101 246.999979019
588090 238.000154495
588090 246.999979019
588061 253.000020981
588045 246.999979019
588045 253.999948502
588038 261.999845505
588038 237.000226974
588020 247.99990654
588006 237.999916077
588006 246.999979019
587999 268.000125885
587990 247.99990654
587966 253.000020981
587966 279.99997139
587966 266.999959946
587939 269.000053406
587939 246.999979019
587939 238.000154495
587939 247.99990654
587930 237.999916077
587930 279.000043869
587930 253.000020981
587930 248.000144958
587930 278.99980545
587930 274.000167847
587929 247.99990654
587929 253.000020981
587929 267.999887466
587906 246.999979019
587893 231.000185013
587893 268.999814987
587887 253.000020981
587863 233.000040054
587843 284.00015831
587774 247.99990654
587761 253.999948502
587761 232.000112534
587761 268.999814987
587761 231.000185013
587761 253.000020981
587761 231.999874115
587718 246.999979019
587718 238.000154495
587711 246.999979019
587711 253.000020981
587711 263.000011444
587708 284.999847412
587708 238.000154495
587701 261.999845505
587701 269.000053406
587701 246.999979019
587701 239.000082016
587701 261.999845505
587696 254.00018692
587668 246.999979019
587650 237.999916077
587644 282.00006485
587639 264.999866486
587630 239.000082016
587630 263.000011444
587622 237.999916077
587607 246.999979019
587570 253.000020981
587570 232.000112534
587565 246.999979019
587505 285.000085831
587494 268.999814987
587487 265.000104904
587464 266.999959946
587453 253.999948502
587453 299.000024796
587416 263.000011444
587416 268.000125885
587416 247.99990654
587416 338.000059128
587416 269.999980927
587416 246.999979019
587416 250.0
587416 233.999967575
587404 267.999887466
587404 233.000040054
587404 265.000104904
587394 234.999895096
587377 266.000032425
587377 266.999959946
587377 301.000118256
587377 253.000020981
587349 263.000011444
587307 253.999948502
587307 263.999938965
587300 252.00009346
587300 269.999980927
587285 283.999919891
587285 246.999979019
587267 286.000013351
587212 285.000085831
587162 283.999919891
587143 301.000118256
587143 246.999979019
587132 250.999927521
587094 235.000133514
587043 284.999847412
587009 284.00015831
587009 395.999908447
587003 267.999887466
586989 269.000053406
586937 269.000053406
586937 263.000011444
586895 237.999916077
586868 248.000144958
586868 251.999855042
586868 248.000144958
586839 315.999984741
586839 237.999916077
586802 279.000043869
586789 236.999988556
586781 231.999874115
586758 253.000020981
586758 246.999979019
586757 253.000020981
586757 246.999979019
586749 250.0
586712 252.00009346
586712 253.000020981
586700 231.999874115
586678 232.000112534
586678 252.999782562
586672 247.000217438
586672 268.999814987
586621 253.000020981
586621 230.999946594
586612 270.000219345
586603 276.999950409
586569 253.999948502
586567 265.000104904
586555 234.999895096
586481 267.999887466
586422 249.000072479
586415 250.999927521
586415 249.000072479
586373 252.00009346
586373 246.999979019
586349 251.999855042
586349 264.000177383
586349 253.999948502
586349 246.999979019
586347 253.000020981
586347 231.999874115
586323 253.000020981
586299 262.000083923
586299 253.000020981
586299 247.99990654
586299 253.000020981
586299 246.999979019
586299 253.000020981
586299 246.999979019
586270 253.000020981
586264 246.999979019
586245 239.000082016
586245 246.999979019
586245 253.000020981
586231 263.000011444
586231 236.999988556
586223 262.000083923
586223 269.999980927
586223 267.999887466
586221 262.000083923
586196 237.999916077
586183 292.999982834
586169 238.000154495
586167 263.000011444
586167 268.999814987
586167 235.000133514
586138 250.0
586134 253.000020981
586127 231.999874115
586115 246.999979019
586115 253.000020981
586115 263.999938965
586115 236.000061035
586104 266.999959946
586068 248.999834061
586068 251.000165939
586046 233.999967575
585976 246.000051498
585937 269.999980927
585937 268.999814987
585937 262.000083923
585916 239.000082016
585916 246.999979019
585916 233.999967575
585916 252.00009346
585916 253.000020981
585916 245.99981308
585916 254.00018692
585912 262.999773026
585884 237.000226974
585884 262.999773026
585857 238.000154495
585839 261.999845505
585839 238.000154495
585839 246.999979019
585839 253.000020981
585826 231.999874115
585826 246.999979019
585790 253.000020981
585786 285.000085831
585771 232.000112534
585752 252.999782562
585733 279.000043869
585723 238.000154495
585723 263.000011444
585723 253.999948502
585717 230.000019073
585717 237.999916077
585717 263.000011444
585686 237.999916077
585667 279.000043869
585667 237.999916077
585655 246.000051498
585655 253.999948502
585655 263.000011444
585617 254.00018692
585608 245.99981308
585608 269.000053406
585598 269.000053406
585566 232.000112534
585566 268.999814987
585566 248.000144958
585552 268.999814987
585552 263.000011444
585552 222.00012207
585552 262.000083923
585552 284.999847412
585552 238.000154495
585538 230.999946594
585515 247.99990654
585515 238.000154495
585515 246.999979019
585509 237.999916077
585509 231.999874115
585501 246.000051498
585497 253.999948502
585497 230.000019073
585497 254.00018692
585497 286.000013351
585497 263.000011444
585448 252.999782562
585436 281.000137329
585436 250.999927521
585435 269.000053406
585435 246.999979019
585396 253.000020981
585393 246.999979019
585381 237.999916077
585338 232.000112534
585338 246.999979019
585277 269.999980927
585277 232.000112534
585277 283.999919891
585253 237.999916077
585245 246.999979019
585245 269.999980927
585213 263.000011444
585185 253.000020981
585183 232.000112534
585183 299.999952316
585157 237.999916077
585157 262.000083923
585157 269.000053406
585157 269.000053406
585126 263.000011444
585126 237.999916077
585126 263.000011444
585123 284.999847412
585123 269.000053406
585048 285.000085831
584994 279.000043869
584975 253.999948502
584973 299.999952316
584973 263.000011444
584958 252.00009346
584958 284.999847412
584946 263.000011444
584946 253.000020981
584946 253.999948502
584932 263.000011444
584932 253.000020981
584932 263.000011444
584877 238.000154495
584877 246.999979019
584850 253.000020981
584850 263.000011444
584825 267.999887466
584825 253.000020981
584807 247.99990654
584788 249.000072479
584788 282.999992371
584781 237.999916077
584771 231.000185013
584720 253.000020981
584720 246.999979019
584720 247.99990654
584714 236.000061035
584698 230.999946594
584695 253.999948502
584695 248.000144958
584654 236.999988556
584603 263.000011444
584587 253.000020981
584587 247.99990654
584587 253.000020981
584515 283.999919891
584515 246.999979019
584515 250.0
584496 266.999959946
584496 238.000154495
584448 263.000011444
584429 268.999814987
584390 268.000125885
584342 233.000040054
584342 246.999979019
584342 253.999948502
584342 268.000125885
584335 247.99990654
584301 253.000020981
584296 263.000011444
584266 269.000053406
584218 268.999814987
584193 246.999979019
584140 284.00015831
584110 269.999980927
584110 246.999979019
584110 253.999948502
584084 263.000011444
584084 253.000020981
584051 246.999979019
584001 253.000020981
584001 246.999979019
583983 253.999948502
583983 246.999979019
583983 254.00018692
583983 230.999946594
583983 269.999980927
583943 285.000085831
583943 246.999979019
583928 268.999814987
583928 262.000083923
583928 253.999948502
583925 269.000053406
583925 263.999938965
583914 253.000020981
583914 263.000011444
583903 269.000053406
583903 230.999946594
583887 238.000154495
583887 263.000011444
583859 267.999887466
583837 253.000020981
583831 246.999979019
583821 253.999948502
583821 248.000144958
583818 268.999814987
583808 246.999979019
583808 254.00018692
583808 246.999979019
583808 253.999948502
583808 230.999946594
583807 299.999952316
583803 269.000053406
583796 246.999979019
583796 253.999948502
583771 247.000217438
583771 236.999988556
583770 278.99980545
583770 253.000020981
583741 268.000125885
583741 230.999946594
583741 247.99990654
583740 269.000053406
583716 252.00009346
583712 263.000011444
583712 253.999948502
583696 262.000083923
583694 253.000020981
583694 231.999874115
583694 269.000053406
583677 246.999979019
583677 239.000082016
583667 231.999874115
583587 0.0
583587 269.000053406
583587 262.000083923
583587 237.999916077
583577 300.999879837
583552 231.000185013
583552 253.999948502
583552 246.999979019
583530 253.000020981
583530 279.000043869
583530 268.999814987
583522 232.000112534
583522 253.999948502
583502 246.999979019
583455 269.000053406
583447 230.999946594
583437 269.000053406
583437 253.000020981
583437 262.000083923
583437 253.999948502
583437 263.000011444
583437 269.000053406
583409 250.0
583340 250.999927521
583330 250.999927521
583327 235.000133514
583327 267.999887466
583294 246.999979019
583217 253.000020981
583217 246.999979019
583192 248.000144958
583192 236.999988556
583175 269.999980927
583175 245.99981308
583115 253.000020981
583092 233.000040054
583092 263.999938965
583092 236.000061035
583050 246.999979019
583000 254.00018692
583000 246.999979019
583000 237.999916077
583000 246.999979019
583000 237.999916077
582976 298.000097275
582967 250.0
582945 246.000051498
582945 253.000020981
582945 253.999948502
