MSTweight:73514 185.000181198
Change data:
73457 30.9998989105
73431 22.0000743866
73431 16.0000324249
73431 30.9998989105
73406 22.0000743866
73404 28.9998054504
73392 18.000125885
73392 16.0000324249
73385 30.9998989105
73324 16.0000324249
73307 36.9999408722
73307 16.0000324249
73278 16.0000324249
73276 30.9998989105
73270 22.0000743866
73270 15.0001049042
73270 30.9998989105
73215 32.0000648499
73209 20.9999084473
73209 16.0000324249
73209 16.0000324249
73209 30.9998989105
73196 32.0000648499
73196 21.0001468658
73119 15.9997940063
73072 31.0001373291
73072 16.0000324249
73028 21.999835968
73028 31.0001373291
73028 14.9998664856
73028 32.0000648499
73028 22.0000743866
73016 14.9998664856
73014 32.0000648499
73009 15.0001049042
72994 36.9999408722
72969 16.9999599457
72926 15.0001049042
72900 31.9998264313
72897 32.9999923706
72880 19.9999809265
72868 31.0001373291
72793 46.9999313354
72793 22.0000743866
72793 16.0000324249
72793 30.9998989105
72724 31.0001373291
72724 21.999835968
72724 16.0000324249
72698 31.0001373291
72641 15.9997940063
72641 22.0000743866
72616 31.0001373291
72591 15.9997940063
72591 31.0001373291
72576 21.999835968
72576 16.0000324249
72576 31.0001373291
72576 16.0000324249
72569 33.9999198914
72530 19.0000534058
72487 16.0000324249
72483 30.9998989105
72483 15.0001049042
72466 21.999835968
72466 31.0001373291
72466 16.0000324249
72463 30.9998989105
72463 22.0000743866
72462 16.0000324249
72462 15.9997940063
72435 31.0001373291
72435 16.0000324249
72432 36.9999408722
72432 16.0000324249
72395 14.9998664856
72395 31.0001373291
72384 23.0000019073
72384 14.9998664856
72353 32.0000648499
72353 15.0001049042
72311 36.9999408722
72311 16.0000324249
72311 30.9998989105
72282 16.0000324249
72233 32.0000648499
72233 20.9999084473
72196 16.0000324249
72160 30.9998989105
72111 29.000043869
72111 9.0000629425
72058 30.9998989105
72058 16.0000324249
72058 31.0001373291
72021 37.9998683929
72021 31.0001373291
72003 16.0000324249
72003 36.9999408722
71985 16.0000324249
71985 16.0000324249
71912 30.9998989105
71896 32.0000648499
71896 20.9999084473
71896 32.0000648499
71862 30.9998989105
71821 22.0000743866
71821 30.9998989105
71799 32.0000648499
71780 36.9999408722
71766 16.0000324249
71728 31.0001373291
71711 30.9998989105
71711 36.9999408722
71672 32.0000648499
71672 30.9998989105
71666 22.0000743866
71666 31.0001373291
71636 31.9998264313
71636 36.0000133514
71636 16.0000324249
71636 30.9998989105
71636 32.0000648499
71632 22.0000743866
71618 46.9999313354
71618 15.0001049042
71604 37.9998683929
71598 31.0001373291
71598 31.9998264313
71533 37.0001792908
71489 16.0000324249
71479 30.9998989105
71479 30.9998989105
71479 38.0001068115
71479 30.9998989105
71479 32.0000648499
71479 22.0000743866
71469 30.9998989105
71469 31.0001373291
71431 37.9998683929
71431 31.0001373291
71431 30.9998989105
71431 38.0001068115
71430 15.9997940063
71424 31.0001373291
71424 30.9998989105
71412 38.0001068115
71403 30.9998989105
71400 16.0000324249
71399 36.9999408722
71399 32.0000648499
71370 31.0001373291
71370 34.9998474121
71370 18.000125885
71370 31.9998264313
71360 31.0001373291
71360 36.9999408722
71348 30.9998989105
71328 32.0000648499
71324 22.0000743866
71298 30.9998989105
71287 31.0001373291
71287 36.0000133514
71283 16.0000324249
71283 30.9998989105
71283 31.0001373291
71267 37.9998683929
71255 31.0001373291
71228 31.9998264313
71205 37.0001792908
71191 16.0000324249
71191 15.0001049042
71189 37.9998683929
71184 31.0001373291
71184 32.0000648499
71134 14.9998664856
71134 38.0001068115
71112 30.9998989105
71112 32.0000648499
71112 22.0000743866
71104 30.9998989105
71104 30.9998989105
71102 38.0001068115
71102 30.9998989105
71095 32.0000648499
71095 31.0001373291
71095 21.999835968
71095 31.0001373291
71094 30.9998989105
71068 22.0000743866
71009 30.9998989105
71009 32.0000648499
70998 36.9999408722
70998 22.0000743866
70998 32.0000648499
70998 43.9999103546
70962 17.9998874664
70935 31.0001373291
70923 32.0000648499
70889 37.9998683929
70889 31.0001373291
70872 14.9998664856
70861 38.0001068115
70837 30.9998989105
70837 32.0000648499
70776 36.9999408722
70776 16.0000324249
70776 30.9998989105
70776 32.0000648499
70747 36.9999408722
70747 31.0001373291
70747 30.9998989105
70738 22.0000743866
70738 30.9998989105
70703 32.0000648499
70664 36.9999408722
70664 31.0001373291
70664 31.9998264313
70664 34.0001583099
70664 19.0000534058
70656 30.9998989105
70610 30.9998989105
70610 38.0001068115
70610 16.0000324249
70609 30.9998989105
70599 38.0001068115
70599 24.9998569489
70599 31.0001373291
70583 40.9998893738
70583 19.0000534058
70583 30.9998989105
70583 31.0001373291
70583 37.9998683929
70559 31.0001373291
70559 32.0000648499
70559 21.999835968
70559 31.0001373291
70485 30.9998989105
70485 16.0000324249
70485 36.9999408722
70485 32.0000648499
70470 30.9998989105
70464 37.0001792908
70460 16.0000324249
70460 30.9998989105
70433 38.0001068115
70413 30.9998989105
70363 30.9998989105
70353 36.0000133514
70263 18.000125885
70263 30.9998989105
70247 31.0001373291
70205 37.9998683929
70188 31.0001373291
70188 14.9998664856
70131 38.0001068115
70113 30.9998989105
70100 32.0000648499
70095 33.9999198914
70095 19.0000534058
70086 30.9998989105
70050 31.0001373291
70050 37.9998683929
70050 31.0001373291
70040 30.9998989105
70017 22.0000743866
70017 32.0000648499
69979 30.9998989105
69956 35.0000858307
69956 17.9998874664
69955 32.0000648499
69955 30.9998989105
69955 38.0001068115
69909 30.9998989105
69882 31.0001373291
69882 21.999835968
69804 32.0000648499
69774 31.0001373291
69774 37.9998683929
69747 31.0001373291
69747 14.9998664856
69747 49.0000247955
69726 20.9999084473
69726 31.0001373291
69726 14.9998664856
69726 16.0000324249
69708 38.0001068115
69690 30.9998989105
69690 31.0001373291
69690 37.9998683929
69672 31.0001373291
69650 15.9997940063
69650 37.0001792908
69650 30.9998989105
69628 26.9999504089
69628 42.0000553131
69628 16.0000324249
69628 30.9998989105
69578 49.0000247955
69578 19.9999809265
69578 47.000169754
69578 36.9999408722
69578 46.9999313354
69545 31.0001373291
69545 37.9998683929
69545 46.9999313354
69545 35.0000858307
69537 19.0000534058
69537 30.9998989105
69537 31.0001373291
69529 21.999835968
69529 31.0001373291
69529 32.0000648499
69526 14.9998664856
69500 38.0001068115
69500 30.9998989105
69480 31.0001373291
69480 37.9998683929
69458 31.0001373291
69458 30.9998989105
69458 37.9998683929
69457 31.0001373291
69429 52.9999732971
69417 32.0000648499
69397 17.9998874664
69397 32.0000648499
69388 33.9999198914
69388 32.0000648499
69382 30.9998989105
69382 22.0000743866
69377 31.0001373291
69377 30.9998989105
69367 38.0001068115
69330 30.9998989105
69330 16.0000324249
69330 30.9998989105
69323 36.9999408722
69323 32.0000648499
69311 31.0001373291
69311 36.9999408722
69279 30.9998989105
69270 32.0000648499
69270 36.9999408722
69270 31.0001373291
69270 30.9998989105
69270 23.0000019073
69244 31.0001373291
69240 30.9998989105
69240 36.9999408722
69240 47.000169754
69203 31.9998264313
69203 21.0001468658
69201 31.9998264313
69201 31.0001373291
69190 37.9998683929
69184 31.0001373291
69184 30.9998989105
69184 38.0001068115
69180 30.9998989105
69147 32.0000648499
69147 32.0000648499
69147 20.9999084473
69144 30.9998989105
69144 31.0001373291
69125 23.0000019073
69109 30.9998989105
69109 31.0001373291
69109 36.9999408722
69070 32.0000648499
69045 14.9998664856
69045 32.0000648499
69036 36.9999408722
69033 32.0000648499
69033 30.9998989105
69033 22.0000743866
69033 30.9998989105
69033 32.0000648499
69033 36.9999408722
69033 16.0000324249
69033 31.0001373291
69033 30.9998989105
69033 38.0001068115
69033 30.9998989105
69033 32.0000648499
69021 20.9999084473
69011 32.0000648499
68999 46.9999313354
68990 22.0000743866
68972 46.9999313354
68972 31.0001373291
68972 36.9999408722
68972 32.0000648499
68970 30.9998989105
68962 38.0001068115
68954 30.9998989105
68954 30.9998989105
68954 22.0000743866
68940 32.0000648499
68940 30.9998989105
68940 34.0001583099
68884 18.9998149872
68874 47.000169754
68867 33.9999198914
68831 35.0000858307
68807 31.9998264313
68807 36.0000133514
68807 17.0001983643
68777 30.9998989105
68776 49.0000247955
68763 19.9999809265
68737 30.9998989105
68729 48.0000972748
68707 22.0000743866
68707 30.9998989105
68661 49.0000247955
68641 19.0000534058
68641 31.9998264313
68629 48.0000972748
68611 20.9999084473
68611 31.0001373291
68611 47.9998588562
68611 21.0001468658
68596 46.0000038147
68596 36.0000133514
68596 32.0000648499
68588 31.9998264313
68588 35.0000858307
68574 18.000125885
68556 46.9999313354
68556 33.9999198914
68556 18.000125885
68556 31.9998264313
68556 31.0001373291
68556 36.9999408722
68551 32.0000648499
68551 30.9998989105
68551 38.0001068115
68544 30.9998989105
68544 31.0001373291
68514 37.9998683929
68514 31.0001373291
68486 30.9998989105
68471 52.9999732971
68471 31.0001373291
68469 32.9999923706
68461 20.9999084473
68461 30.9998989105
68441 31.0001373291
68441 37.9998683929
68419 31.0001373291
68348 32.0000648499
68348 20.9999084473
68346 43.9999103546
68346 32.0000648499
68323 23.9999294281
68303 16.0000324249
68303 31.0001373291
68303 30.9998989105
68257 38.0001068115
68257 30.9998989105
68250 32.0000648499
68246 36.9999408722
68246 32.0000648499
68246 30.9998989105
68213 36.9999408722
68213 31.0001373291
68213 32.0000648499
68189 36.9999408722
68181 30.9998989105
68140 32.0000648499
68140 36.9999408722
68140 31.0001373291
68137 30.9998989105
68137 38.0001068115
68128 30.9998989105
68128 32.0000648499
68123 37.9998683929
68074 31.0001373291
68067 14.9998664856
68067 38.0001068115
68067 30.9998989105
68037 32.0000648499
68037 15.0001049042
68037 37.9998683929
68012 23.0000019073
68003 32.0000648499
67985 29.9999713898
67982 30.9998989105
67982 31.0001373291
67968 34.9998474121
67945 19.0000534058
67922 31.0001373291
67922 30.9998989105
67922 22.0000743866
67922 31.9998264313
67919 31.0001373291
67919 37.9998683929
67899 15.0001049042
67899 46.9999313354
67886 35.0000858307
67886 19.0000534058
67886 30.9998989105
67885 31.0001373291
67885 21.999835968
67860 31.0001373291
67860 31.9998264313
67860 38.0001068115
67860 15.0001049042
67830 30.9998989105
67827 32.0000648499
67800 36.9999408722
67800 32.0000648499
67800 30.9998989105
67800 22.0000743866
67800 30.9998989105
67800 32.0000648499
67800 36.9999408722
67787 32.0000648499
67787 17.9998874664
67787 31.0001373291
67787 34.9998474121
67786 31.0001373291
67744 32.0000648499
67723 20.9999084473
67717 32.0000648499
67717 30.9998989105
67717 36.0000133514
67717 16.9999599457
67704 31.0001373291
67704 30.9998989105
67704 38.0001068115
67686 14.9998664856
67680 31.0001373291
67680 37.9998683929
67680 31.0001373291
67680 31.9998264313
67671 15.0001049042
67662 23.0000019073
67662 30.9998989105
67653 31.0001373291
67642 36.9999408722
67614 32.0000648499
67614 30.9998989105
67609 32.0000648499
67609 22.0000743866
67609 30.9998989105
67609 30.9998989105
67552 22.0000743866
67523 30.9998989105
67523 31.0001373291
67521 36.9999408722
67521 16.0000324249
67521 30.9998989105
67521 30.0002098083
67521 39.999961853
67513 14.9998664856
67464 31.0001373291
67430 37.9998683929
67430 32.0000648499
67430 15.0001049042
67424 30.9998989105
67424 38.0001068115
67413 30.9998989105
67413 32.0000648499
67409 20.9999084473
67406 32.0000648499
67385 30.9998989105
67352 34.0001583099
67328 18.9998149872
67326 32.0000648499
67315 30.9998989105
67269 22.0000743866
67247 31.0001373291
67246 31.9998264313
67229 36.0000133514
67229 16.9999599457
67229 31.0001373291
67203 30.9998989105
67203 38.0001068115
67137 32.0000648499
67137 14.9998664856
67110 36.9999408722
67110 32.0000648499
67110 31.0001373291
67110 35.9997749329
67110 17.0001983643
67098 31.9998264313
67098 29.9999713898
67098 39.0000343323
67098 0.0
67074 31.0001373291
67047 30.9998989105
67047 22.0000743866
66974 32.0000648499
66961 30.9998989105
66951 36.0000133514
66951 16.9999599457
66902 31.0001373291
66891 30.9998989105
66891 38.0001068115
66891 15.9997940063
66891 16.0000324249
66891 36.9999408722
66865 32.0000648499
66810 30.9998989105
66747 34.0001583099
66747 18.9998149872
66714 31.0001373291
66688 30.9998989105
66663 22.0000743866
66655 30.9998989105
66655 31.0001373291
66655 37.9998683929
66655 31.0001373291
66655 30.9998989105
66655 33.9999198914
66655 19.0000534058
66644 31.0001373291
66623 31.9998264313
66607 38.0001068115
66607 30.9998989105
66607 31.0001373291
66589 21.999835968
66577 31.0001373291
66577 32.0000648499
66577 31.9998264313
66539 19.9999809265
66510 32.0000648499
66506 31.0001373291
66505 21.999835968
66505 31.0001373291
66482 30.9998989105
66482 38.0001068115
66482 16.0000324249
66482 30.9998989105
66482 30.9998989105
66482 37.0001792908
66468 31.9998264313
66461 31.0001373291
66461 21.999835968
66461 31.0001373291
66461 30.9998989105
66431 38.0001068115
66421 30.9998989105
66413 16.0000324249
66413 31.0001373291
66391 36.9999408722
66391 32.0000648499
66391 14.9998664856
66391 38.0001068115
66385 30.9998989105
66381 32.0000648499
66357 34.9998474121
66357 18.000125885
66357 30.9998989105
66350 31.0001373291
66310 23.0000019073
66310 32.9999923706
66272 32.0000648499
66262 34.9998474121
66262 31.0001373291
66252 15.9997940063
66238 52.0000457764
66238 16.9999599457
66215 31.0001373291
66215 30.9998989105
66215 22.0000743866
66190 30.9998989105
66182 32.0000648499
66182 36.9999408722
66181 31.0001373291
66095 16.0000324249
66095 30.9998989105
66095 38.0001068115
66095 30.9998989105
66095 30.9998989105
66069 22.0000743866
66063 31.0001373291
66051 30.9998989105
66045 32.0000648499
66045 21.999835968
66045 31.0001373291
66032 30.9998989105
66028 22.0000743866
66007 32.0000648499
66007 30.9998989105
66000 36.0000133514
65990 16.9999599457
65990 31.0001373291
65959 31.9998264313
65959 21.0001468658
65918 30.9998989105
65918 31.0001373291
65918 37.9998683929
65892 31.0001373291
65874 31.9998264313
65874 31.0001373291
65861 20.9999084473
65861 31.0001373291
65856 30.9998989105
65856 38.0001068115
65815 16.0000324249
65801 30.9998989105
65753 38.0001068115
65747 30.9998989105
65747 31.0001373291
65747 32.9999923706
65747 20.9999084473
65747 30.9998989105
65747 31.0001373291
65745 21.999835968
65733 31.0001373291
65731 32.0000648499
65731 36.9999408722
65721 16.0000324249
65721 30.9998989105
65721 16.0000324249
65721 32.0000648499
65721 20.9999084473
65717 32.0000648499
65688 30.9998989105
65679 22.0000743866
65675 30.9998989105
65675 31.0001373291
65675 34.9998474121
65669 18.000125885
65669 32.0000648499
65669 24.9998569489
65669 28.0001163483
65669 30.9998989105
65669 31.0001373291
65660 37.9998683929
65660 31.0001373291
65644 31.9998264313
65644 34.0001583099
65594 18.9998149872
65594 31.0001373291
65593 30.9998989105
65556 38.0001068115
65556 30.9998989105
65556 31.0001373291
65556 37.9998683929
65556 31.0001373291
65548 31.9998264313
65548 37.0001792908
65548 31.9998264313
65541 31.0001373291
65541 21.999835968
65541 31.0001373291
65541 32.0000648499
65523 31.9998264313
65523 21.0001468658
65483 30.9998989105
65483 31.0001373291
65483 21.999835968
65483 32.0000648499
65483 30.9998989105
65483 38.0001068115
65449 15.0001049042
65449 30.9998989105
65413 29.9999713898
65409 39.0000343323
65409 32.0000648499
65352 14.9998664856
65352 38.0001068115
65349 30.9998989105
65349 31.0001373291
65293 32.9999923706
65276 19.9999809265
65260 31.9998264313
65260 31.0001373291
65256 22.0000743866
65223 30.9998989105
65223 30.9998989105
65223 34.0001583099
65223 19.0000534058
65223 31.9998264313
65223 31.0001373291
65205 37.9998683929
65179 15.0001049042
65159 32.0000648499
65159 36.9999408722
65159 32.0000648499
65159 30.9998989105
65154 30.9998989105
65154 22.0000743866
65154 32.0000648499
65144 14.9998664856
65120 38.0001068115
65120 30.9998989105
65120 32.0000648499
65114 15.0001049042
65114 37.9998683929
65114 31.0001373291
65114 36.0000133514
65114 17.9998874664
65096 30.9998989105
65096 31.0001373291
65092 32.0000648499
65092 21.999835968
65073 31.0001373291
65037 30.9998989105
65011 22.0000743866
65002 30.9998989105
65002 32.0000648499
65002 36.9999408722
65002 16.0000324249
65002 30.9998989105
64973 32.0000648499
64952 22.0000743866
64925 30.9998989105
64925 31.0001373291
64908 37.9998683929
64908 16.0000324249
64905 31.0001373291
64879 30.9998989105
64879 22.0000743866
64879 31.9998264313
64879 31.0001373291
64836 14.9998664856
64836 38.0001068115
64827 30.9998989105
64809 16.0000324249
64805 38.0001068115
64801 30.9998989105
64747 31.0001373291
64736 34.9998474121
64736 18.000125885
64736 31.9998264313
64736 25.0000953674
64736 42.9999828339
64736 16.0000324249
64736 30.9998989105
64714 37.0001792908
64714 31.9998264313
64714 31.0001373291
64714 37.9998683929
64714 47.000169754
64714 30.9998989105
64684 52.9999732971
64680 47.000169754
64680 21.999835968
64680 62.9999637604
64666 52.9999732971
64655 31.0001373291
64651 32.0000648499
64651 36.9999408722
64651 32.0000648499
64651 47.9998588562
64651 21.0001468658
64642 30.9998989105
64642 46.9999313354
64642 22.0000743866
64629 46.9999313354
64629 38.0001068115
64577 30.9998989105
64577 31.0001373291
64577 33.9999198914
64485 19.0000534058
64485 30.9998989105
64457 32.0000648499
64437 36.9999408722
64425 32.0000648499
64401 30.9998989105
64401 38.0001068115
64401 30.9998989105
64394 31.0001373291
64379 21.999835968
64379 32.0000648499
64330 31.0001373291
64330 37.9998683929
64330 31.0001373291
64330 30.9998989105
64330 32.0000648499
64295 20.9999084473
64295 31.0001373291
64295 31.9998264313
64295 21.0001468658
64295 31.9998264313
64288 31.0001373291
64277 16.0000324249
64277 36.9999408722
64248 30.9998989105
64248 31.0001373291
64220 23.0000019073
64220 30.9998989105
64218 15.0001049042
64187 31.9998264313
64187 37.0001792908
64185 31.9998264313
64171 31.0001373291
64171 22.0000743866
64151 30.9998989105
64151 30.9998989105
64151 16.0000324249
64151 38.0001068115
64142 30.9998989105
64142 16.0000324249
64133 38.0001068115
64133 30.9998989105
64133 30.9998989105
64133 16.0000324249
64112 37.0001792908
64112 30.9998989105
64112 32.0000648499
64112 21.999835968
64112 31.0001373291
64112 30.9998989105
64062 32.0000648499
64062 22.0000743866
64062 30.9998989105
64055 31.0001373291
64055 21.999835968
64055 31.0001373291
64051 30.9998989105
64045 16.0000324249
64045 37.9998683929
64037 31.0001373291
63983 30.9998989105
63980 22.0000743866
63969 32.0000648499
63969 14.9998664856
63907 32.0000648499
63893 36.9999408722
63893 32.0000648499
63893 15.0001049042
63893 37.9998683929
63893 21.0001468658
63893 30.9998989105
63877 30.9998989105
63828 32.9999923706
63811 31.0001373291
63803 30.9998989105
63803 22.0000743866
63803 32.0000648499
63803 30.9998989105
63803 32.0000648499
63803 20.9999084473
63803 31.0001373291
63803 30.9998989105
63803 22.0000743866
63803 31.9998264313
63767 47.000169754
63742 21.999835968
63701 31.0001373291
63679 30.9998989105
63660 38.0001068115
63660 16.0000324249
63660 30.9998989105
63660 31.0001373291
63660 37.9998683929
63660 16.0000324249
63618 30.9998989105
63618 38.0001068115
63618 14.9998664856
63610 32.0000648499
63585 31.0001373291
63573 21.999835968
63573 31.0001373291
63573 31.9998264313
63532 37.0001792908
63532 16.9999599457
63532 30.9998989105
63532 31.0001373291
63532 20.9999084473
63499 32.0000648499
63476 30.9998989105
63474 38.0001068115
63459 14.9998664856
63456 32.0000648499
63454 31.0001373291
63431 37.9998683929
63431 15.0001049042
63431 30.9998989105
63427 38.0001068115
63419 31.9998264313
63413 31.0001373291
63368 14.9998664856
63368 38.0001068115
63368 30.9998989105
63355 16.0000324249
63355 38.0001068115
63336 30.9998989105
63307 31.0001373291
63285 15.9997940063
63285 38.0001068115
63255 30.9998989105
63239 31.0001373291
63239 22.0000743866
63239 31.9998264313
63239 31.0001373291
63235 32.9999923706
63235 19.9999809265
63235 30.9998989105
63235 31.0001373291
63235 37.9998683929
63235 19.0000534058
63202 30.9998989105
63188 35.0000858307
63188 30.9998989105
63188 31.0001373291
